NickName,serial_number,capture_datetime_utc,fertilizer_level,light,soil_moisture_percent,air_temperature_celsius
Flower power 0F48,PI040298AD5I210985,2018-08-21 16:45:36,-1.0,7.79,9.14,28.91
Flower power 0F48,PI040298AD5I210985,2018-08-21 17:00:36,-1.0,7.55,9.0,28.51
Flower power 0F48,PI040298AD5I210985,2018-08-21 17:15:36,-1.0,7.49,9.54,28.33
Flower power 0F48,PI040298AD5I210985,2018-08-21 17:30:36,-1.0,6.04,9.14,27.89
Flower power 0F48,PI040298AD5I210985,2018-08-21 17:45:36,-1.0,5.37,9.27,27.53
Flower power 0F48,PI040298AD5I210985,2018-08-21 18:00:36,-1.0,4.74,9.4,27.18
Flower power 0F48,PI040298AD5I210985,2018-08-21 18:15:36,-1.0,4.09,9.0,26.64
Flower power 0F48,PI040298AD5I210985,2018-08-21 18:30:36,-1.0,3.22,9.14,25.79
Flower power 0F48,PI040298AD5I210985,2018-08-21 18:45:36,-1.0,2.2,9.27,25.34
Flower power 0F48,PI040298AD5I210985,2018-08-21 19:00:36,-1.0,1.16,9.0,24.48
Flower power 0F48,PI040298AD5I210985,2018-08-21 19:15:36,-1.0,0.37,9.4,23.65
Flower power 0F48,PI040298AD5I210985,2018-08-21 19:30:36,-1.0,0.1,9.4,23.33
Flower power 0F48,PI040298AD5I210985,2018-08-21 19:45:36,-1.0,0.1,9.54,22.68
Flower power 0F48,PI040298AD5I210985,2018-08-21 20:00:36,-1.0,0.1,9.27,22.26
Flower power 0F48,PI040298AD5I210985,2018-08-21 20:15:36,-1.0,0.1,9.54,22.07
Flower power 0F48,PI040298AD5I210985,2018-08-21 20:30:36,-1.0,0.1,9.67,21.79
Flower power 0F48,PI040298AD5I210985,2018-08-21 20:45:36,-1.0,0.1,9.14,21.31
Flower power 0F48,PI040298AD5I210985,2018-08-21 21:00:36,-1.0,0.1,9.4,21.26
Flower power 0F48,PI040298AD5I210985,2018-08-21 21:15:36,-1.0,0.1,9.4,21.45
Flower power 0F48,PI040298AD5I210985,2018-08-21 21:30:36,-1.0,0.1,9.8,21.64
Flower power 0F48,PI040298AD5I210985,2018-08-21 21:45:36,-1.0,0.1,9.4,21.17
Flower power 0F48,PI040298AD5I210985,2018-08-21 22:00:36,-1.0,0.1,9.27,21.17
Flower power 0F48,PI040298AD5I210985,2018-08-21 22:15:36,-1.0,0.1,9.54,21.17
Flower power 0F48,PI040298AD5I210985,2018-08-21 22:30:36,-1.0,0.1,9.8,21.31
Flower power 0F48,PI040298AD5I210985,2018-08-21 22:45:36,-1.0,0.1,9.54,21.22
Flower power 0F48,PI040298AD5I210985,2018-08-21 23:00:36,-1.0,0.1,9.14,20.16
Flower power 0F48,PI040298AD5I210985,2018-08-21 23:15:36,-1.0,0.1,9.54,20.16
Flower power 0F48,PI040298AD5I210985,2018-08-21 23:30:36,-1.0,0.1,9.67,19.43
Flower power 0F48,PI040298AD5I210985,2018-08-21 23:45:36,-1.0,0.1,9.4,18.74
Flower power 0F48,PI040298AD5I210985,2018-08-22 00:00:36,-1.0,0.1,9.4,18.29
Flower power 0F48,PI040298AD5I210985,2018-08-22 00:15:36,-1.0,0.1,9.27,18.19
Flower power 0F48,PI040298AD5I210985,2018-08-22 00:30:36,-1.0,0.1,9.4,18.49
Flower power 0F48,PI040298AD5I210985,2018-08-22 00:45:36,-1.0,0.1,9.54,18.29
Flower power 0F48,PI040298AD5I210985,2018-08-22 01:00:36,-1.0,0.1,9.54,17.58
Flower power 0F48,PI040298AD5I210985,2018-08-22 01:15:36,-1.0,0.1,9.8,17.12
Flower power 0F48,PI040298AD5I210985,2018-08-22 01:30:36,-1.0,0.1,9.67,16.81
Flower power 0F48,PI040298AD5I210985,2018-08-22 01:45:36,-1.0,0.1,9.4,16.5
Flower power 0F48,PI040298AD5I210985,2018-08-22 02:00:36,-1.0,0.1,9.54,16.29
Flower power 0F48,PI040298AD5I210985,2018-08-22 02:15:36,-1.0,0.1,9.67,16.08
Flower power 0F48,PI040298AD5I210985,2018-08-22 02:30:36,-1.0,0.1,9.67,15.82
Flower power 0F48,PI040298AD5I210985,2018-08-22 02:45:36,-1.0,0.1,9.8,15.66
Flower power 0F48,PI040298AD5I210985,2018-08-22 03:00:36,-1.0,0.1,9.54,15.61
Flower power 0F48,PI040298AD5I210985,2018-08-22 03:15:36,-1.0,0.1,9.4,15.29
Flower power 0F48,PI040298AD5I210985,2018-08-22 03:30:36,-1.0,0.1,9.94,15.45
Flower power 0F48,PI040298AD5I210985,2018-08-22 03:45:36,-1.0,0.1,9.94,15.13
Flower power 0F48,PI040298AD5I210985,2018-08-22 04:00:36,-1.0,0.1,9.4,15.03
Flower power 0F48,PI040298AD5I210985,2018-08-22 04:15:36,-1.0,0.1,9.94,14.81
Flower power 0F48,PI040298AD5I210985,2018-08-22 04:30:36,-1.0,0.1,9.67,14.81
Flower power 0F48,PI040298AD5I210985,2018-08-22 04:45:36,-1.0,0.1,9.4,14.76
Flower power 0F48,PI040298AD5I210985,2018-08-22 05:00:36,-1.0,0.1,9.94,14.65
Flower power 0F48,PI040298AD5I210985,2018-08-22 05:15:36,-1.0,0.1,9.8,14.49
Flower power 0F48,PI040298AD5I210985,2018-08-22 05:30:36,-1.0,0.1,9.67,14.6
Flower power 0F48,PI040298AD5I210985,2018-08-22 05:45:36,-1.0,0.1,9.8,14.6
Flower power 0F48,PI040298AD5I210985,2018-08-22 06:00:36,-1.0,0.57,9.8,14.76
Flower power 0F48,PI040298AD5I210985,2018-08-22 06:15:36,-1.0,1.78,9.67,15.77
Flower power 0F48,PI040298AD5I210985,2018-08-22 06:30:36,-1.0,3.62,9.54,16.66
Flower power 0F48,PI040298AD5I210985,2018-08-22 06:45:36,-1.0,5.68,9.54,17.98
Flower power 0F48,PI040298AD5I210985,2018-08-22 07:00:36,-1.0,7.41,9.67,19.53
Flower power 0F48,PI040298AD5I210985,2018-08-22 07:15:36,-1.0,9.14,9.8,20.64
Flower power 0F48,PI040298AD5I210985,2018-08-22 07:30:36,-1.0,11.32,9.4,22.96
Flower power 0F48,PI040298AD5I210985,2018-08-22 07:45:36,-1.0,15.22,9.67,24.93
Flower power 0F48,PI040298AD5I210985,2018-08-22 08:00:36,-1.0,26.81,9.54,27.31
Flower power 0F48,PI040298AD5I210985,2018-08-22 08:15:36,-1.0,29.95,9.8,29.97
Flower power 0F48,PI040298AD5I210985,2018-08-22 08:30:36,-1.0,60.74,9.8,33.38
Flower power 0F48,PI040298AD5I210985,2018-08-22 08:45:36,-1.0,70.66,9.4,37.57
Flower power 0F48,PI040298AD5I210985,2018-08-22 09:00:36,-1.0,77.8,9.67,41.26
Flower power 0F48,PI040298AD5I210985,2018-08-22 09:15:36,-1.0,87.22,9.67,44.69
Flower power 0F48,PI040298AD5I210985,2018-08-22 09:30:36,-1.0,96.33,9.54,47.75
Flower power 0F48,PI040298AD5I210985,2018-08-22 09:45:36,-1.0,104.21,9.8,50.06
Flower power 0F48,PI040298AD5I210985,2018-08-22 10:00:36,-1.0,112.2,9.94,52.18
Flower power 0F48,PI040298AD5I210985,2018-08-22 10:15:36,-1.0,117.33,9.94,54.14
Flower power 0F48,PI040298AD5I210985,2018-08-22 10:30:36,-1.0,122.93,9.67,55.0
Flower power 0F48,PI040298AD5I210985,2018-08-22 10:45:36,-1.0,127.48,9.54,55.0
Flower power 0F48,PI040298AD5I210985,2018-08-22 11:00:36,-1.0,132.37,9.54,55.0
Flower power 0F48,PI040298AD5I210985,2018-08-22 11:15:36,-1.0,135.84,9.67,55.0
Flower power 0F48,PI040298AD5I210985,2018-08-22 11:30:36,-1.0,139.49,9.8,55.0
Flower power 0F48,PI040298AD5I210985,2018-08-22 11:45:36,-1.0,139.49,9.54,55.0
Flower power 0F48,PI040298AD5I210985,2018-08-22 12:00:36,-1.0,135.84,9.4,55.0
Flower power 0F48,PI040298AD5I210985,2018-08-22 12:15:36,-1.0,121.48,9.54,55.0
Flower power 0F48,PI040298AD5I210985,2018-08-22 12:30:36,-1.0,107.49,9.94,55.0
Flower power 0F48,PI040298AD5I210985,2018-08-22 12:45:36,-1.0,124.41,9.8,55.0
Flower power 0F48,PI040298AD5I210985,2018-08-22 13:00:36,-1.0,129.07,9.4,55.0
Flower power 0F48,PI040298AD5I210985,2018-08-22 13:15:36,-1.0,134.09,9.8,55.0
Flower power 0F48,PI040298AD5I210985,2018-08-22 13:30:36,-1.0,141.39,10.07,55.0
Flower power 0F48,PI040298AD5I210985,2018-08-22 13:45:36,-1.0,139.49,9.8,55.0
Flower power 0F48,PI040298AD5I210985,2018-08-22 14:00:36,-1.0,135.84,9.94,55.0
Flower power 0F48,PI040298AD5I210985,2018-08-22 14:15:36,-1.0,124.41,10.07,53.49
Flower power 0F48,PI040298AD5I210985,2018-08-22 14:30:36,-1.0,114.71,9.8,54.33
Flower power 0F48,PI040298AD5I210985,2018-08-22 14:45:36,-1.0,109.8,9.54,52.05
Flower power 0F48,PI040298AD5I210985,2018-08-22 15:00:36,-1.0,99.14,9.67,50.12
Flower power 0F48,PI040298AD5I210985,2018-08-22 15:15:36,-1.0,42.36,9.54,46.8
Flower power 0F48,PI040298AD5I210985,2018-08-22 15:30:36,-1.0,17.25,9.8,34.23
Flower power 0F48,PI040298AD5I210985,2018-08-22 15:45:36,-1.0,16.13,10.07,31.78
Flower power 0F48,PI040298AD5I210985,2018-08-22 16:00:36,-1.0,15.53,9.8,31.12
Flower power 0F48,PI040298AD5I210985,2018-08-22 16:15:36,-1.0,14.59,9.8,30.63
Flower power 0F48,PI040298AD5I210985,2018-08-22 16:30:36,-1.0,13.75,10.07,30.5
Flower power 0F48,PI040298AD5I210985,2018-08-22 16:45:36,-1.0,13.25,9.8,30.19
Flower power 0F48,PI040298AD5I210985,2018-08-22 17:00:36,-1.0,12.2,9.8,30.36
Flower power 0F48,PI040298AD5I210985,2018-08-22 17:15:36,-1.0,8.07,10.07,29.79
Flower power 0F48,PI040298AD5I210985,2018-08-22 17:30:36,-1.0,9.05,9.94,29.26
Flower power 0F48,PI040298AD5I210985,2018-08-22 17:45:36,-1.0,7.9,9.54,28.33
Flower power 0F48,PI040298AD5I210985,2018-08-22 18:00:36,-1.0,6.15,9.8,27.31
Flower power 0F48,PI040298AD5I210985,2018-08-22 18:15:36,-1.0,4.96,9.8,26.24
Flower power 0F48,PI040298AD5I210985,2018-08-22 18:30:36,-1.0,4.11,9.54,25.29
Flower power 0F48,PI040298AD5I210985,2018-08-22 18:45:36,-1.0,2.76,9.67,24.79
Flower power 0F48,PI040298AD5I210985,2018-08-22 19:00:36,-1.0,1.42,9.8,24.34
Flower power 0F48,PI040298AD5I210985,2018-08-22 19:15:36,-1.0,0.42,9.8,23.79
Flower power 0F48,PI040298AD5I210985,2018-08-22 19:30:36,-1.0,0.1,9.67,23.0
Flower power 0F48,PI040298AD5I210985,2018-08-22 19:45:36,-1.0,0.1,9.8,21.74
Flower power 0F48,PI040298AD5I210985,2018-08-22 20:00:36,-1.0,0.1,9.94,21.17
Flower power 0F48,PI040298AD5I210985,2018-08-22 20:15:36,-1.0,0.1,9.94,20.98
Flower power 0F48,PI040298AD5I210985,2018-08-22 20:30:36,-1.0,0.1,10.07,20.59
Flower power 0F48,PI040298AD5I210985,2018-08-22 20:45:36,-1.0,0.1,9.8,19.87
Flower power 0F48,PI040298AD5I210985,2018-08-22 21:00:36,-1.0,0.1,9.94,20.21
Flower power 0F48,PI040298AD5I210985,2018-08-22 21:15:36,-1.0,0.1,9.67,20.64
Flower power 0F48,PI040298AD5I210985,2018-08-22 21:30:36,-1.0,0.1,9.94,19.92
Flower power 0F48,PI040298AD5I210985,2018-08-22 21:45:36,-1.0,0.1,9.8,18.74
Flower power 0F48,PI040298AD5I210985,2018-08-22 22:00:36,-1.0,0.1,9.94,17.73
Flower power 0F48,PI040298AD5I210985,2018-08-22 22:15:36,-1.0,0.1,9.67,17.43
Flower power 0F48,PI040298AD5I210985,2018-08-22 22:30:36,-1.0,0.1,9.8,17.48
Flower power 0F48,PI040298AD5I210985,2018-08-22 22:45:36,-1.0,0.1,9.54,17.48
Flower power 0F48,PI040298AD5I210985,2018-08-22 23:00:36,-1.0,0.1,9.94,17.43
Flower power 0F48,PI040298AD5I210985,2018-08-22 23:15:36,-1.0,0.1,9.8,17.63
Flower power 0F48,PI040298AD5I210985,2018-08-22 23:30:36,-1.0,0.1,9.67,17.32
Flower power 0F48,PI040298AD5I210985,2018-08-22 23:45:36,-1.0,0.1,9.54,17.53
Flower power 0F48,PI040298AD5I210985,2018-08-23 00:00:36,-1.0,0.1,9.94,17.32
Flower power 0F48,PI040298AD5I210985,2018-08-23 00:15:36,-1.0,0.1,10.07,17.12
Flower power 0F48,PI040298AD5I210985,2018-08-23 00:30:36,-1.0,0.1,10.07,17.17
Flower power 0F48,PI040298AD5I210985,2018-08-23 00:45:36,-1.0,0.1,9.4,16.97
Flower power 0F48,PI040298AD5I210985,2018-08-23 01:00:36,-1.0,0.1,9.54,16.81
Flower power 0F48,PI040298AD5I210985,2018-08-23 01:15:36,-1.0,0.1,9.54,16.81
Flower power 0F48,PI040298AD5I210985,2018-08-23 01:30:36,-1.0,0.1,9.54,16.66
Flower power 0F48,PI040298AD5I210985,2018-08-23 01:45:36,-1.0,0.1,9.94,17.17
Flower power 0F48,PI040298AD5I210985,2018-08-23 02:00:36,-1.0,0.1,9.54,17.02
Flower power 0F48,PI040298AD5I210985,2018-08-23 02:15:36,-1.0,0.1,9.8,16.81
Flower power 0F48,PI040298AD5I210985,2018-08-23 02:30:36,-1.0,0.1,9.8,16.66
Flower power 0F48,PI040298AD5I210985,2018-08-23 02:45:36,-1.0,0.1,9.54,16.45
Flower power 0F48,PI040298AD5I210985,2018-08-23 03:00:36,-1.0,0.1,9.8,15.98
Flower power 0F48,PI040298AD5I210985,2018-08-23 03:15:36,-1.0,0.1,9.8,15.77
Flower power 0F48,PI040298AD5I210985,2018-08-23 03:30:36,-1.0,0.1,9.8,15.56
Flower power 0F48,PI040298AD5I210985,2018-08-23 03:45:36,-1.0,0.1,9.94,16.19
Flower power 0F48,PI040298AD5I210985,2018-08-23 04:00:36,-1.0,0.1,9.8,15.66
Flower power 0F48,PI040298AD5I210985,2018-08-23 04:15:36,-1.0,0.1,9.67,15.4
Flower power 0F48,PI040298AD5I210985,2018-08-23 04:30:36,-1.0,0.1,9.4,15.35
Flower power 0F48,PI040298AD5I210985,2018-08-23 04:45:36,-1.0,0.1,9.8,15.24
Flower power 0F48,PI040298AD5I210985,2018-08-23 05:00:36,-1.0,0.1,9.8,15.03
Flower power 0F48,PI040298AD5I210985,2018-08-23 05:15:36,-1.0,0.1,9.67,14.7
Flower power 0F48,PI040298AD5I210985,2018-08-23 05:30:36,-1.0,0.1,10.07,14.54
Flower power 0F48,PI040298AD5I210985,2018-08-23 05:45:36,-1.0,0.1,9.4,14.54
Flower power 0F48,PI040298AD5I210985,2018-08-23 06:00:36,-1.0,0.51,9.94,14.6
Flower power 0F48,PI040298AD5I210985,2018-08-23 06:15:36,-1.0,1.58,9.8,15.03
Flower power 0F48,PI040298AD5I210985,2018-08-23 06:30:36,-1.0,3.37,9.8,15.98
Flower power 0F48,PI040298AD5I210985,2018-08-23 06:45:36,-1.0,5.57,9.67,17.93
Flower power 0F48,PI040298AD5I210985,2018-08-23 07:00:36,-1.0,7.51,9.4,19.38
Flower power 0F48,PI040298AD5I210985,2018-08-23 07:15:36,-1.0,9.34,9.67,20.55
Flower power 0F48,PI040298AD5I210985,2018-08-23 07:30:36,-1.0,11.65,9.67,23.24
Flower power 0F48,PI040298AD5I210985,2018-08-23 07:44:34,-1.0,15.27,9.54,25.16
Flower power 0F48,PI040298AD5I210985,2018-08-23 07:59:34,-1.0,19.22,9.4,27.04
Flower power 0F48,PI040298AD5I210985,2018-08-23 08:14:34,-1.0,19.46,9.94,29.35
Flower power 0F48,PI040298AD5I210985,2018-08-23 08:29:34,-1.0,45.53,9.8,32.04
Flower power 0F48,PI040298AD5I210985,2018-08-23 08:44:34,-1.0,54.69,9.8,36.46
Flower power 0F48,PI040298AD5I210985,2018-08-23 08:59:34,-1.0,65.12,9.8,41.36
Flower power 0F48,PI040298AD5I210985,2018-08-23 09:14:34,-1.0,78.4,9.8,45.22
Flower power 0F48,PI040298AD5I210985,2018-08-23 09:29:34,-1.0,89.53,10.07,48.2
Flower power 0F48,PI040298AD5I210985,2018-08-23 09:44:34,-1.0,99.14,9.67,50.41
Flower power 0F48,PI040298AD5I210985,2018-08-23 09:59:34,-1.0,105.28,9.8,51.5
Flower power 0F48,PI040298AD5I210985,2018-08-23 10:14:34,-1.0,113.44,9.67,53.69
Flower power 0F48,PI040298AD5I210985,2018-08-23 10:29:34,-1.0,117.33,9.8,55.0
Flower power 0F48,PI040298AD5I210985,2018-08-23 10:44:34,-1.0,122.93,9.8,55.0
Flower power 0F48,PI040298AD5I210985,2018-08-23 10:59:34,-1.0,127.48,9.54,55.0
Flower power 0F48,PI040298AD5I210985,2018-08-23 11:14:34,-1.0,130.7,9.67,55.0
Flower power 0F48,PI040298AD5I210985,2018-08-23 11:29:34,-1.0,134.09,9.94,55.0
Flower power 0F48,PI040298AD5I210985,2018-08-23 11:44:34,-1.0,135.84,9.67,55.0
Flower power 0F48,PI040298AD5I210985,2018-08-23 11:59:34,-1.0,139.49,9.67,55.0
Flower power 0F48,PI040298AD5I210985,2018-08-23 12:14:34,-1.0,141.39,9.4,55.0
Flower power 0F48,PI040298AD5I210985,2018-08-23 12:29:34,-1.0,139.49,9.54,55.0
Flower power 0F48,PI040298AD5I210985,2018-08-23 12:44:34,-1.0,135.84,9.54,55.0
Flower power 0F48,PI040298AD5I210985,2018-08-23 12:59:34,-1.0,129.07,9.94,55.0
Flower power 0F48,PI040298AD5I210985,2018-08-23 13:14:34,-1.0,102.12,10.07,55.0
Flower power 0F48,PI040298AD5I210985,2018-08-23 13:29:34,-1.0,97.25,9.94,55.0
Flower power 0F48,PI040298AD5I210985,2018-08-23 13:44:34,-1.0,109.8,9.67,51.99
Flower power 0F48,PI040298AD5I210985,2018-08-23 13:59:34,-1.0,118.68,9.94,51.26
Flower power 0F48,PI040298AD5I210985,2018-08-23 14:14:34,-1.0,120.06,10.07,49.3
Flower power 0F48,PI040298AD5I210985,2018-08-23 14:29:34,-1.0,121.48,10.07,48.43
Flower power 0F48,PI040298AD5I210985,2018-08-23 14:44:34,-1.0,106.38,9.8,48.77
Flower power 0F48,PI040298AD5I210985,2018-08-23 14:59:34,-1.0,99.14,10.2,47.08
Flower power 0F48,PI040298AD5I210985,2018-08-23 15:14:34,-1.0,28.51,10.07,42.06
Flower power 0F48,PI040298AD5I210985,2018-08-23 15:29:34,-1.0,16.96,9.94,33.56
Flower power 0F48,PI040298AD5I210985,2018-08-23 15:44:34,-1.0,15.88,10.34,32.8
Flower power 0F48,PI040298AD5I210985,2018-08-23 15:59:34,-1.0,15.02,10.2,32.31
Flower power 0F48,PI040298AD5I210985,2018-08-23 16:14:34,-1.0,13.75,10.34,31.82
Flower power 0F48,PI040298AD5I210985,2018-08-23 16:29:34,-1.0,12.75,9.94,31.2
Flower power 0F48,PI040298AD5I210985,2018-08-23 16:44:34,-1.0,11.71,10.47,30.67
Flower power 0F48,PI040298AD5I210985,2018-08-23 16:59:34,-1.0,10.83,10.6,30.01
Flower power 0F48,PI040298AD5I210985,2018-08-23 17:14:34,-1.0,9.78,10.34,29.26
Flower power 0F48,PI040298AD5I210985,2018-08-23 17:29:34,-1.0,9.04,10.2,28.42
Flower power 0F48,PI040298AD5I210985,2018-08-23 17:44:34,-1.0,7.97,9.94,27.58
Flower power 0F48,PI040298AD5I210985,2018-08-23 17:59:34,-1.0,6.89,10.47,27.13
Flower power 0F48,PI040298AD5I210985,2018-08-23 18:14:34,-1.0,5.7,10.34,26.55
Flower power 0F48,PI040298AD5I210985,2018-08-23 18:29:34,-1.0,4.31,10.6,25.74
Flower power 0F48,PI040298AD5I210985,2018-08-23 18:44:34,-1.0,2.82,10.6,24.98
Flower power 0F48,PI040298AD5I210985,2018-08-23 18:59:34,-1.0,1.36,10.2,23.93
Flower power 0F48,PI040298AD5I210985,2018-08-23 19:14:34,-1.0,0.36,10.6,23.0
Flower power 0F48,PI040298AD5I210985,2018-08-23 19:29:34,-1.0,0.1,10.47,22.54
Flower power 0F48,PI040298AD5I210985,2018-08-23 19:44:34,-1.0,0.1,10.34,20.93
Flower power 0F48,PI040298AD5I210985,2018-08-23 19:59:34,-1.0,0.1,10.07,20.01
Flower power 0F48,PI040298AD5I210985,2018-08-23 20:14:34,-1.0,0.1,10.6,19.57
Flower power 0F48,PI040298AD5I210985,2018-08-23 20:29:34,-1.0,0.1,10.34,19.33
Flower power 0F48,PI040298AD5I210985,2018-08-23 20:44:34,-1.0,0.1,10.2,20.79
Flower power 0F48,PI040298AD5I210985,2018-08-23 20:59:34,-1.0,0.1,10.47,20.3
Flower power 0F48,PI040298AD5I210985,2018-08-23 21:14:34,-1.0,0.1,10.74,21.5
Flower power 0F48,PI040298AD5I210985,2018-08-23 21:29:34,-1.0,0.1,10.2,21.69
Flower power 0F48,PI040298AD5I210985,2018-08-23 21:44:34,-1.0,0.1,10.6,22.54
Flower power 0F48,PI040298AD5I210985,2018-08-23 21:59:34,-1.0,0.1,10.34,22.68
Flower power 0F48,PI040298AD5I210985,2018-08-23 22:14:34,-1.0,0.1,10.34,22.44
Flower power 0F48,PI040298AD5I210985,2018-08-23 22:29:34,-1.0,0.1,10.6,21.88
Flower power 0F48,PI040298AD5I210985,2018-08-23 22:44:34,-1.0,0.1,10.2,21.26
Flower power 0F48,PI040298AD5I210985,2018-08-23 22:59:34,-1.0,0.1,10.47,21.07
Flower power 0F48,PI040298AD5I210985,2018-08-23 23:14:34,-1.0,0.1,10.74,20.93
Flower power 0F48,PI040298AD5I210985,2018-08-23 23:29:34,-1.0,0.1,10.6,20.5
Flower power 0F48,PI040298AD5I210985,2018-08-23 23:44:34,-1.0,0.1,10.07,20.16
Flower power 0F48,PI040298AD5I210985,2018-08-23 23:59:34,-1.0,0.1,10.34,19.62
Flower power 0F48,PI040298AD5I210985,2018-08-24 00:14:34,-1.0,0.1,10.74,19.18
Flower power 0F48,PI040298AD5I210985,2018-08-24 00:29:34,-1.0,0.1,10.6,18.44
Flower power 0F48,PI040298AD5I210985,2018-08-24 00:44:34,-1.0,0.1,10.47,18.64
Flower power 0F48,PI040298AD5I210985,2018-08-24 00:59:34,-1.0,0.1,10.6,18.08
Flower power 0F48,PI040298AD5I210985,2018-08-24 01:14:34,-1.0,0.1,10.34,18.34
Flower power 0F48,PI040298AD5I210985,2018-08-24 01:29:34,-1.0,0.1,10.6,18.83
Flower power 0F48,PI040298AD5I210985,2018-08-24 01:44:34,-1.0,0.1,10.6,17.83
Flower power 0F48,PI040298AD5I210985,2018-08-24 01:59:34,-1.0,0.1,10.34,17.27
Flower power 0F48,PI040298AD5I210985,2018-08-24 02:14:34,-1.0,0.1,10.6,16.45
Flower power 0F48,PI040298AD5I210985,2018-08-24 02:29:34,-1.0,0.1,10.34,17.02
Flower power 0F48,PI040298AD5I210985,2018-08-24 02:44:34,-1.0,0.1,10.6,17.02
Flower power 0F48,PI040298AD5I210985,2018-08-24 02:59:34,-1.0,0.1,10.87,17.12
Flower power 0F48,PI040298AD5I210985,2018-08-24 03:14:34,-1.0,0.1,10.6,17.22
Flower power 0F48,PI040298AD5I210985,2018-08-24 03:29:34,-1.0,0.1,10.6,17.88
Flower power 0F48,PI040298AD5I210985,2018-08-24 03:44:34,-1.0,0.1,10.74,17.78
Flower power 0F48,PI040298AD5I210985,2018-08-24 03:59:34,-1.0,0.1,10.47,17.22
Flower power 0F48,PI040298AD5I210985,2018-08-24 04:14:34,-1.0,0.1,10.34,17.17
Flower power 0F48,PI040298AD5I210985,2018-08-24 04:29:34,-1.0,0.1,10.74,16.66
Flower power 0F48,PI040298AD5I210985,2018-08-24 04:44:34,-1.0,0.1,10.6,16.4
Flower power 0F48,PI040298AD5I210985,2018-08-24 04:59:34,-1.0,0.1,10.74,16.55
Flower power 0F48,PI040298AD5I210985,2018-08-24 05:14:34,-1.0,0.1,10.47,17.53
Flower power 0F48,PI040298AD5I210985,2018-08-24 05:29:34,-1.0,0.1,10.87,17.78
Flower power 0F48,PI040298AD5I210985,2018-08-24 05:44:34,-1.0,0.1,10.87,18.13
Flower power 0F48,PI040298AD5I210985,2018-08-24 05:59:34,-1.0,0.45,10.87,17.78
Flower power 0F48,PI040298AD5I210985,2018-08-24 06:14:34,-1.0,1.48,10.47,18.34
Flower power 0F48,PI040298AD5I210985,2018-08-24 06:29:34,-1.0,2.83,10.34,18.44
Flower power 0F48,PI040298AD5I210985,2018-08-24 06:44:34,-1.0,4.03,10.47,19.13
Flower power 0F48,PI040298AD5I210985,2018-08-24 06:59:34,-1.0,6.46,10.6,20.11
Flower power 0F48,PI040298AD5I210985,2018-08-24 07:14:34,-1.0,7.83,10.74,21.36
Flower power 0F48,PI040298AD5I210985,2018-08-24 07:29:34,-1.0,9.67,10.6,23.28
Flower power 0F48,PI040298AD5I210985,2018-08-24 07:44:34,-1.0,27.12,10.34,25.11
Flower power 0F48,PI040298AD5I210985,2018-08-24 07:59:34,-1.0,14.59,10.87,27.22
Flower power 0F48,PI040298AD5I210985,2018-08-24 08:14:34,-1.0,38.64,10.6,29.26
Flower power 0F48,PI040298AD5I210985,2018-08-24 08:29:34,-1.0,49.71,10.74,32.4
Flower power 0F48,PI040298AD5I210985,2018-08-24 08:44:34,-1.0,55.93,10.87,36.5
Flower power 0F48,PI040298AD5I210985,2018-08-24 08:59:34,-1.0,60.0,10.6,40.23
Flower power 0F48,PI040298AD5I210985,2018-08-24 09:14:34,-1.0,57.9,10.74,43.18
Flower power 0F48,PI040298AD5I210985,2018-08-24 09:29:34,-1.0,50.73,10.47,44.64
Flower power 0F48,PI040298AD5I210985,2018-08-24 09:44:34,-1.0,66.87,10.47,45.38
Flower power 0F48,PI040298AD5I210985,2018-08-24 09:59:34,-1.0,71.17,10.74,50.3
Flower power 0F48,PI040298AD5I210985,2018-08-24 10:14:34,-1.0,77.8,10.47,54.46
Flower power 0F48,PI040298AD5I210985,2018-08-24 10:29:34,-1.0,65.12,10.6,54.07
Flower power 0F48,PI040298AD5I210985,2018-08-24 10:44:34,-1.0,80.28,10.47,53.05
Flower power 0F48,PI040298AD5I210985,2018-08-24 10:59:34,-1.0,53.79,10.6,44.85
Flower power 0F48,PI040298AD5I210985,2018-08-24 11:14:34,-1.0,50.21,10.6,44.16
Flower power 0F48,PI040298AD5I210985,2018-08-24 11:29:34,-1.0,72.19,10.6,54.98
Flower power 0F48,PI040298AD5I210985,2018-08-24 11:44:34,-1.0,50.73,10.6,52.3
Flower power 0F48,PI040298AD5I210985,2018-08-24 11:59:34,-1.0,72.72,10.74,48.77
Flower power 0F48,PI040298AD5I210985,2018-08-24 12:14:34,-1.0,79.64,10.74,50.59
Flower power 0F48,PI040298AD5I210985,2018-08-24 12:29:34,-1.0,97.25,10.34,55.0
Flower power 0F48,PI040298AD5I210985,2018-08-24 12:44:34,-1.0,85.02,10.87,55.0
Flower power 0F48,PI040298AD5I210985,2018-08-24 12:59:34,-1.0,73.25,10.6,52.05
Flower power 0F48,PI040298AD5I210985,2018-08-24 13:14:34,-1.0,104.21,10.47,55.0
Flower power 0F48,PI040298AD5I210985,2018-08-24 13:29:34,-1.0,70.17,10.6,53.18
Flower power 0F48,PI040298AD5I210985,2018-08-24 13:44:34,-1.0,93.67,10.34,54.92
Flower power 0F48,PI040298AD5I210985,2018-08-24 13:59:34,-1.0,88.75,10.47,52.8
Flower power 0F48,PI040298AD5I210985,2018-08-24 14:14:34,-1.0,101.11,10.74,54.14
Flower power 0F48,PI040298AD5I210985,2018-08-24 14:29:34,-1.0,109.8,10.74,53.69
Flower power 0F48,PI040298AD5I210985,2018-08-24 14:44:34,-1.0,98.19,10.6,50.47
Flower power 0F48,PI040298AD5I210985,2018-08-24 14:59:34,-1.0,96.33,10.6,49.06
Flower power 0F48,PI040298AD5I210985,2018-08-24 15:14:34,-1.0,16.18,10.74,40.53
Flower power 0F48,PI040298AD5I210985,2018-08-24 15:29:34,-1.0,14.77,10.6,32.49
Flower power 0F48,PI040298AD5I210985,2018-08-24 15:44:34,-1.0,13.92,10.87,30.85
Flower power 0F48,PI040298AD5I210985,2018-08-24 15:59:34,-1.0,13.69,10.6,30.01
Flower power 0F48,PI040298AD5I210985,2018-08-24 16:14:34,-1.0,12.98,10.47,29.35
Flower power 0F48,PI040298AD5I210985,2018-08-24 16:29:34,-1.0,12.05,10.6,28.55
Flower power 0F48,PI040298AD5I210985,2018-08-24 16:44:34,-1.0,11.17,10.87,27.76
Flower power 0F48,PI040298AD5I210985,2018-08-24 16:59:34,-1.0,10.3,10.47,27.0
Flower power 0F48,PI040298AD5I210985,2018-08-24 17:14:34,-1.0,9.38,10.47,26.69
Flower power 0F48,PI040298AD5I210985,2018-08-24 17:29:34,-1.0,8.44,10.87,25.88
Flower power 0F48,PI040298AD5I210985,2018-08-24 17:44:34,-1.0,7.49,10.6,25.65
Flower power 0F48,PI040298AD5I210985,2018-08-24 17:59:34,-1.0,6.46,10.47,24.98
Flower power 0F48,PI040298AD5I210985,2018-08-24 18:14:34,-1.0,5.38,10.74,24.61
Flower power 0F48,PI040298AD5I210985,2018-08-24 18:29:34,-1.0,4.12,10.74,23.93
Flower power 0F48,PI040298AD5I210985,2018-08-24 18:44:34,-1.0,2.64,10.6,23.1
Flower power 0F48,PI040298AD5I210985,2018-08-24 18:59:34,-1.0,1.22,10.6,22.86
Flower power 0F48,PI040298AD5I210985,2018-08-24 19:14:34,-1.0,0.31,10.87,22.07
Flower power 0F48,PI040298AD5I210985,2018-08-24 19:29:34,-1.0,0.1,10.47,21.5
Flower power 0F48,PI040298AD5I210985,2018-08-24 19:44:34,-1.0,0.1,11.01,21.17
Flower power 0F48,PI040298AD5I210985,2018-08-24 19:59:34,-1.0,0.1,10.74,21.07
Flower power 0F48,PI040298AD5I210985,2018-08-24 20:14:34,-1.0,0.1,10.74,20.69
Flower power 0F48,PI040298AD5I210985,2018-08-24 20:29:34,-1.0,0.1,10.87,20.21
Flower power 0F48,PI040298AD5I210985,2018-08-24 20:44:34,-1.0,0.1,10.47,19.82
Flower power 0F48,PI040298AD5I210985,2018-08-24 20:59:34,-1.0,0.1,10.6,19.08
Flower power 0F48,PI040298AD5I210985,2018-08-24 21:14:34,-1.0,0.1,10.47,18.88
Flower power 0F48,PI040298AD5I210985,2018-08-24 21:29:34,-1.0,0.1,10.47,18.49
Flower power 0F48,PI040298AD5I210985,2018-08-24 21:44:34,-1.0,0.1,10.6,18.49
Flower power 0F48,PI040298AD5I210985,2018-08-24 21:59:34,-1.0,0.1,10.6,18.59
Flower power 0F48,PI040298AD5I210985,2018-08-24 22:14:34,-1.0,0.1,10.47,18.64
Flower power 0F48,PI040298AD5I210985,2018-08-24 22:29:34,-1.0,0.1,10.47,18.98
Flower power 0F48,PI040298AD5I210985,2018-08-24 22:44:34,-1.0,0.1,10.2,18.69
Flower power 0F48,PI040298AD5I210985,2018-08-24 22:59:34,-1.0,0.1,10.47,18.49
Flower power 0F48,PI040298AD5I210985,2018-08-24 23:14:34,-1.0,0.1,10.87,18.29
Flower power 0F48,PI040298AD5I210985,2018-08-24 23:29:34,-1.0,0.1,10.6,18.19
Flower power 0F48,PI040298AD5I210985,2018-08-24 23:44:34,-1.0,0.1,10.6,17.63
Flower power 0F48,PI040298AD5I210985,2018-08-24 23:59:34,-1.0,0.1,10.47,17.63
Flower power 0F48,PI040298AD5I210985,2018-08-25 00:14:34,-1.0,0.1,10.2,17.63
Flower power 0F48,PI040298AD5I210985,2018-08-25 00:29:34,-1.0,0.1,10.47,17.02
Flower power 0F48,PI040298AD5I210985,2018-08-25 00:44:34,-1.0,0.1,10.47,16.81
Flower power 0F48,PI040298AD5I210985,2018-08-25 00:59:34,-1.0,0.1,10.47,16.6
Flower power 0F48,PI040298AD5I210985,2018-08-25 01:14:34,-1.0,0.1,10.2,16.55
Flower power 0F48,PI040298AD5I210985,2018-08-25 01:29:34,-1.0,0.1,10.34,16.29
Flower power 0F48,PI040298AD5I210985,2018-08-25 01:44:34,-1.0,0.1,10.34,16.24
Flower power 0F48,PI040298AD5I210985,2018-08-25 01:59:34,-1.0,0.1,10.2,16.19
Flower power 0F48,PI040298AD5I210985,2018-08-25 02:14:34,-1.0,0.1,10.6,16.14
Flower power 0F48,PI040298AD5I210985,2018-08-25 02:29:34,-1.0,0.1,10.47,16.6
Flower power 0F48,PI040298AD5I210985,2018-08-25 02:44:34,-1.0,0.1,10.6,16.19
Flower power 0F48,PI040298AD5I210985,2018-08-25 02:59:34,-1.0,0.1,10.2,15.77
Flower power 0F48,PI040298AD5I210985,2018-08-25 03:14:34,-1.0,0.1,10.2,15.66
Flower power 0F48,PI040298AD5I210985,2018-08-25 03:29:34,-1.0,0.1,10.6,15.56
Flower power 0F48,PI040298AD5I210985,2018-08-25 03:44:34,-1.0,0.1,10.6,15.56
Flower power 0F48,PI040298AD5I210985,2018-08-25 03:59:34,-1.0,0.1,10.74,15.35
Flower power 0F48,PI040298AD5I210985,2018-08-25 04:14:34,-1.0,0.1,10.47,15.13
Flower power 0F48,PI040298AD5I210985,2018-08-25 04:29:34,-1.0,0.1,10.47,15.03
Flower power 0F48,PI040298AD5I210985,2018-08-25 04:44:34,-1.0,0.1,10.87,15.03
Flower power 0F48,PI040298AD5I210985,2018-08-25 04:59:34,-1.0,0.1,10.2,15.13
Flower power 0F48,PI040298AD5I210985,2018-08-25 05:14:34,-1.0,0.1,10.87,15.24
Flower power 0F48,PI040298AD5I210985,2018-08-25 05:29:34,-1.0,0.1,10.47,15.08
Flower power 0F48,PI040298AD5I210985,2018-08-25 05:44:34,-1.0,0.1,10.74,14.97
Flower power 0F48,PI040298AD5I210985,2018-08-25 05:59:34,-1.0,0.43,10.74,15.29
Flower power 0F48,PI040298AD5I210985,2018-08-25 06:14:34,-1.0,1.54,10.34,15.82
Flower power 0F48,PI040298AD5I210985,2018-08-25 06:29:34,-1.0,3.25,10.74,16.71
Flower power 0F48,PI040298AD5I210985,2018-08-25 06:44:34,-1.0,5.15,10.34,17.93
Flower power 0F48,PI040298AD5I210985,2018-08-25 06:59:34,-1.0,6.87,10.74,19.13
Flower power 0F48,PI040298AD5I210985,2018-08-25 07:14:34,-1.0,8.58,10.87,20.35
Flower power 0F48,PI040298AD5I210985,2018-08-25 07:29:34,-1.0,10.79,10.34,23.0
Flower power 0F48,PI040298AD5I210985,2018-08-25 07:44:34,-1.0,20.0,10.74,25.65
Flower power 0F48,PI040298AD5I210985,2018-08-25 07:59:34,-1.0,15.04,10.34,27.84
Flower power 0F48,PI040298AD5I210985,2018-08-25 08:14:34,-1.0,37.88,10.34,30.72
Flower power 0F48,PI040298AD5I210985,2018-08-25 08:29:34,-1.0,41.81,10.6,34.36
Flower power 0F48,PI040298AD5I210985,2018-08-25 08:44:34,-1.0,44.7,10.6,38.84
Flower power 0F48,PI040298AD5I210985,2018-08-25 08:59:34,-1.0,47.07,10.74,42.52
Flower power 0F48,PI040298AD5I210985,2018-08-25 09:14:34,-1.0,50.47,10.6,45.76
Flower power 0F48,PI040298AD5I210985,2018-08-25 09:29:34,-1.0,52.92,10.47,48.54
Flower power 0F48,PI040298AD5I210985,2018-08-25 09:44:34,-1.0,56.25,10.74,51.26
Flower power 0F48,PI040298AD5I210985,2018-08-25 09:59:34,-1.0,53.21,10.34,53.37
Flower power 0F48,PI040298AD5I210985,2018-08-25 10:14:34,-1.0,60.37,10.2,55.0
Flower power 0F48,PI040298AD5I210985,2018-08-25 10:29:34,-1.0,63.06,10.6,55.0
Flower power 0F48,PI040298AD5I210985,2018-08-25 10:44:34,-1.0,65.12,10.6,55.0
Flower power 0F48,PI040298AD5I210985,2018-08-25 10:59:34,-1.0,66.87,10.47,55.0
Flower power 0F48,PI040298AD5I210985,2018-08-25 11:14:34,-1.0,68.25,10.47,55.0
Flower power 0F48,PI040298AD5I210985,2018-08-25 11:29:34,-1.0,70.66,10.34,55.0
Flower power 0F48,PI040298AD5I210985,2018-08-25 11:44:34,-1.0,72.19,10.47,55.0
Flower power 0F48,PI040298AD5I210985,2018-08-25 11:59:34,-1.0,74.34,10.47,55.0
Flower power 0F48,PI040298AD5I210985,2018-08-25 12:14:34,-1.0,76.03,10.34,55.0
Flower power 0F48,PI040298AD5I210985,2018-08-25 12:29:34,-1.0,77.8,10.34,55.0
Flower power 0F48,PI040298AD5I210985,2018-08-25 12:44:34,-1.0,79.64,10.74,55.0
Flower power 0F48,PI040298AD5I210985,2018-08-25 12:59:34,-1.0,81.58,10.6,55.0
Flower power 0F48,PI040298AD5I210985,2018-08-25 13:14:34,-1.0,85.02,10.47,55.0
Flower power 0F48,PI040298AD5I210985,2018-08-25 13:29:34,-1.0,90.33,10.6,55.0
Flower power 0F48,PI040298AD5I210985,2018-08-25 13:44:34,-1.0,93.67,10.6,55.0
Flower power 0F48,PI040298AD5I210985,2018-08-25 13:59:34,-1.0,80.92,10.34,53.11
Flower power 0F48,PI040298AD5I210985,2018-08-25 14:14:34,-1.0,83.61,10.74,51.81
Flower power 0F48,PI040298AD5I210985,2018-08-25 14:29:34,-1.0,92.81,10.74,51.99
Flower power 0F48,PI040298AD5I210985,2018-08-25 14:44:34,-1.0,91.14,10.34,49.18
Flower power 0F48,PI040298AD5I210985,2018-08-25 14:59:34,-1.0,97.25,10.74,47.8
Flower power 0F48,PI040298AD5I210985,2018-08-25 15:14:34,-1.0,15.85,10.2,37.94
Flower power 0F48,PI040298AD5I210985,2018-08-25 15:29:34,-1.0,13.88,10.74,31.96
Flower power 0F48,PI040298AD5I210985,2018-08-25 15:44:34,-1.0,12.59,10.2,30.76
Flower power 0F48,PI040298AD5I210985,2018-08-25 15:59:34,-1.0,11.83,10.6,30.1
Flower power 0F48,PI040298AD5I210985,2018-08-25 16:14:34,-1.0,11.34,10.07,29.53
Flower power 0F48,PI040298AD5I210985,2018-08-25 16:29:34,-1.0,10.51,10.2,29.08
Flower power 0F48,PI040298AD5I210985,2018-08-25 16:44:34,-1.0,9.67,10.34,28.64
Flower power 0F48,PI040298AD5I210985,2018-08-25 16:59:34,-1.0,8.93,10.34,28.15
Flower power 0F48,PI040298AD5I210985,2018-08-25 17:14:34,-1.0,8.25,10.34,28.07
Flower power 0F48,PI040298AD5I210985,2018-08-25 17:29:34,-1.0,7.51,10.47,27.62
Flower power 0F48,PI040298AD5I210985,2018-08-25 17:44:34,-1.0,6.7,10.47,27.27
Flower power 0F48,PI040298AD5I210985,2018-08-25 17:59:34,-1.0,5.82,10.2,26.55
Flower power 0F48,PI040298AD5I210985,2018-08-25 18:14:34,-1.0,4.8,10.2,25.7
Flower power 0F48,PI040298AD5I210985,2018-08-25 18:29:34,-1.0,3.67,10.34,24.61
Flower power 0F48,PI040298AD5I210985,2018-08-25 18:44:34,-1.0,2.38,10.34,23.65
Flower power 0F48,PI040298AD5I210985,2018-08-25 18:59:34,-1.0,1.09,10.2,22.58
Flower power 0F48,PI040298AD5I210985,2018-08-25 19:14:34,-1.0,0.26,10.2,21.55
Flower power 0F48,PI040298AD5I210985,2018-08-25 19:29:34,-1.0,0.1,10.34,20.83
Flower power 0F48,PI040298AD5I210985,2018-08-25 19:44:34,-1.0,0.1,10.6,21.12
Flower power 0F48,PI040298AD5I210985,2018-08-25 19:59:34,-1.0,0.1,10.07,20.83
Flower power 0F48,PI040298AD5I210985,2018-08-25 20:14:34,-1.0,0.1,10.47,19.87
Flower power 0F48,PI040298AD5I210985,2018-08-25 20:29:34,-1.0,0.1,10.47,19.62
Flower power 0F48,PI040298AD5I210985,2018-08-25 20:44:34,-1.0,0.1,10.07,19.53
Flower power 0F48,PI040298AD5I210985,2018-08-25 20:59:34,-1.0,0.1,10.6,18.88
Flower power 0F48,PI040298AD5I210985,2018-08-25 21:14:34,-1.0,0.1,10.47,18.08
Flower power 0F48,PI040298AD5I210985,2018-08-25 21:29:34,-1.0,0.1,10.2,17.43
Flower power 0F48,PI040298AD5I210985,2018-08-25 21:44:34,-1.0,0.1,10.07,17.12
Flower power 0F48,PI040298AD5I210985,2018-08-25 21:59:34,-1.0,0.1,9.94,17.17
Flower power 0F48,PI040298AD5I210985,2018-08-25 22:14:34,-1.0,0.1,10.34,17.43
Flower power 0F48,PI040298AD5I210985,2018-08-25 22:29:34,-1.0,0.1,10.34,17.07
Flower power 0F48,PI040298AD5I210985,2018-08-25 22:44:34,-1.0,0.1,10.47,16.81
Flower power 0F48,PI040298AD5I210985,2018-08-25 22:59:34,-1.0,0.1,10.2,16.71
Flower power 0F48,PI040298AD5I210985,2018-08-25 23:14:34,-1.0,0.1,10.07,16.4
Flower power 0F48,PI040298AD5I210985,2018-08-25 23:29:34,-1.0,0.1,10.47,15.87
Flower power 0F48,PI040298AD5I210985,2018-08-25 23:44:34,-1.0,0.1,10.2,15.98
Flower power 0F48,PI040298AD5I210985,2018-08-25 23:59:34,-1.0,0.1,10.34,15.45
Flower power 0F48,PI040298AD5I210985,2018-08-26 00:14:34,-1.0,0.1,10.34,15.82
Flower power 0F48,PI040298AD5I210985,2018-08-26 00:29:34,-1.0,0.1,9.94,15.87
Flower power 0F48,PI040298AD5I210985,2018-08-26 00:44:34,-1.0,0.1,10.07,15.03
Flower power 0F48,PI040298AD5I210985,2018-08-26 00:59:34,-1.0,0.1,10.07,14.87
Flower power 0F48,PI040298AD5I210985,2018-08-26 01:14:34,-1.0,0.1,10.6,14.16
Flower power 0F48,PI040298AD5I210985,2018-08-26 01:29:34,-1.0,0.1,10.34,13.78
Flower power 0F48,PI040298AD5I210985,2018-08-26 01:44:34,-1.0,0.1,10.2,13.62
Flower power 0F48,PI040298AD5I210985,2018-08-26 01:59:34,-1.0,0.1,10.47,13.51
Flower power 0F48,PI040298AD5I210985,2018-08-26 02:14:34,-1.0,0.1,10.34,13.62
Flower power 0F48,PI040298AD5I210985,2018-08-26 02:29:34,-1.0,0.1,10.2,13.78
Flower power 0F48,PI040298AD5I210985,2018-08-26 02:44:34,-1.0,0.1,10.47,13.34
Flower power 0F48,PI040298AD5I210985,2018-08-26 02:59:34,-1.0,0.1,10.2,13.4
Flower power 0F48,PI040298AD5I210985,2018-08-26 03:14:34,-1.0,0.1,10.47,13.89
Flower power 0F48,PI040298AD5I210985,2018-08-26 03:29:34,-1.0,0.1,10.34,14.16
Flower power 0F48,PI040298AD5I210985,2018-08-26 03:44:34,-1.0,0.1,10.34,13.51
Flower power 0F48,PI040298AD5I210985,2018-08-26 03:59:34,-1.0,0.1,10.2,13.51
Flower power 0F48,PI040298AD5I210985,2018-08-26 04:14:34,-1.0,0.1,10.2,13.01
Flower power 0F48,PI040298AD5I210985,2018-08-26 04:29:34,-1.0,0.1,10.07,12.84
Flower power 0F48,PI040298AD5I210985,2018-08-26 04:44:34,-1.0,0.1,10.07,12.56
Flower power 0F48,PI040298AD5I210985,2018-08-26 04:59:34,-1.0,0.1,9.94,12.62
Flower power 0F48,PI040298AD5I210985,2018-08-26 05:14:34,-1.0,0.1,10.34,13.12
Flower power 0F48,PI040298AD5I210985,2018-08-26 05:29:34,-1.0,0.1,9.94,13.06
Flower power 0F48,PI040298AD5I210985,2018-08-26 05:44:34,-1.0,0.1,10.34,13.28
Flower power 0F48,PI040298AD5I210985,2018-08-26 05:59:34,-1.0,0.37,10.07,13.23
Flower power 0F48,PI040298AD5I210985,2018-08-26 06:14:34,-1.0,1.3,10.2,13.67
Flower power 0F48,PI040298AD5I210985,2018-08-26 06:29:34,-1.0,2.65,10.07,14.38
Flower power 0F48,PI040298AD5I210985,2018-08-26 06:44:34,-1.0,3.96,10.34,15.45
Flower power 0F48,PI040298AD5I210985,2018-08-26 06:59:34,-1.0,4.93,10.2,16.5
Flower power 0F48,PI040298AD5I210985,2018-08-26 07:14:34,-1.0,5.92,10.2,17.53
Flower power 0F48,PI040298AD5I210985,2018-08-26 07:29:34,-1.0,7.67,10.07,19.96
Flower power 0F48,PI040298AD5I210985,2018-08-26 07:44:34,-1.0,19.14,10.07,23.14
Flower power 0F48,PI040298AD5I210985,2018-08-26 07:59:34,-1.0,10.5,10.07,25.74
Flower power 0F48,PI040298AD5I210985,2018-08-26 08:14:34,-1.0,32.72,10.2,28.86
Flower power 0F48,PI040298AD5I210985,2018-08-26 08:29:34,-1.0,40.76,10.34,32.49
Flower power 0F48,PI040298AD5I210985,2018-08-26 08:44:34,-1.0,44.91,10.07,36.04
Flower power 0F48,PI040298AD5I210985,2018-08-26 08:59:34,-1.0,48.24,10.2,40.04
Flower power 0F48,PI040298AD5I210985,2018-08-26 09:14:34,-1.0,51.81,9.94,43.7
Flower power 0F48,PI040298AD5I210985,2018-08-26 09:29:34,-1.0,54.39,9.94,46.85
Flower power 0F48,PI040298AD5I210985,2018-08-26 09:44:34,-1.0,57.23,10.47,49.7
Flower power 0F48,PI040298AD5I210985,2018-08-26 09:59:34,-1.0,53.21,9.94,51.87
Flower power 0F48,PI040298AD5I210985,2018-08-26 10:14:34,-1.0,62.27,10.07,54.65
Flower power 0F48,PI040298AD5I210985,2018-08-26 10:29:34,-1.0,63.87,9.94,55.0
Flower power 0F48,PI040298AD5I210985,2018-08-26 10:44:34,-1.0,65.55,10.07,55.0
Flower power 0F48,PI040298AD5I210985,2018-08-26 10:59:34,-1.0,67.33,10.2,55.0
Flower power 0F48,PI040298AD5I210985,2018-08-26 11:14:34,-1.0,69.19,10.34,55.0
Flower power 0F48,PI040298AD5I210985,2018-08-26 11:29:34,-1.0,71.17,9.8,55.0
Flower power 0F48,PI040298AD5I210985,2018-08-26 11:44:34,-1.0,73.25,9.94,55.0
Flower power 0F48,PI040298AD5I210985,2018-08-26 11:59:34,-1.0,74.89,9.94,55.0
Flower power 0F48,PI040298AD5I210985,2018-08-26 12:14:34,-1.0,77.2,10.07,55.0
Flower power 0F48,PI040298AD5I210985,2018-08-26 12:29:34,-1.0,78.4,10.2,55.0
Flower power 0F48,PI040298AD5I210985,2018-08-26 12:44:34,-1.0,80.28,10.34,55.0
Flower power 0F48,PI040298AD5I210985,2018-08-26 12:59:34,-1.0,82.25,10.47,55.0
Flower power 0F48,PI040298AD5I210985,2018-08-26 13:14:34,-1.0,85.02,10.07,55.0
Flower power 0F48,PI040298AD5I210985,2018-08-26 13:29:34,-1.0,90.33,10.07,55.0
Flower power 0F48,PI040298AD5I210985,2018-08-26 13:44:34,-1.0,96.33,10.2,55.0
Flower power 0F48,PI040298AD5I210985,2018-08-26 13:59:34,-1.0,76.61,10.07,54.2
Flower power 0F48,PI040298AD5I210985,2018-08-26 14:14:34,-1.0,93.67,10.2,51.93
Flower power 0F48,PI040298AD5I210985,2018-08-26 14:29:34,-1.0,87.22,10.47,51.75
Flower power 0F48,PI040298AD5I210985,2018-08-26 14:44:34,-1.0,92.81,10.47,49.65
Flower power 0F48,PI040298AD5I210985,2018-08-26 14:59:34,-1.0,97.25,10.47,48.6
Flower power 0F48,PI040298AD5I210985,2018-08-26 15:14:34,-1.0,9.99,10.34,39.22
Flower power 0F48,PI040298AD5I210985,2018-08-26 15:29:34,-1.0,9.26,10.07,32.09
Flower power 0F48,PI040298AD5I210985,2018-08-26 15:44:34,-1.0,8.71,10.2,29.97
Flower power 0F48,PI040298AD5I210985,2018-08-26 15:59:34,-1.0,8.19,10.07,29.44
Flower power 0F48,PI040298AD5I210985,2018-08-26 16:14:34,-1.0,7.92,10.2,28.46
Flower power 0F48,PI040298AD5I210985,2018-08-26 16:29:34,-1.0,7.62,10.2,27.98
Flower power 0F48,PI040298AD5I210985,2018-08-26 16:44:34,-1.0,7.41,10.34,27.4
Flower power 0F48,PI040298AD5I210985,2018-08-26 16:59:34,-1.0,7.07,10.34,26.69
Flower power 0F48,PI040298AD5I210985,2018-08-26 17:14:34,-1.0,6.48,10.07,26.24
Flower power 0F48,PI040298AD5I210985,2018-08-26 17:29:34,-1.0,5.96,10.34,25.79
Flower power 0F48,PI040298AD5I210985,2018-08-26 17:44:34,-1.0,5.49,9.94,25.29
Flower power 0F48,PI040298AD5I210985,2018-08-26 17:59:34,-1.0,4.89,10.34,24.98
Flower power 0F48,PI040298AD5I210985,2018-08-26 18:14:34,-1.0,4.19,9.94,24.57
Flower power 0F48,PI040298AD5I210985,2018-08-26 18:29:34,-1.0,3.33,10.07,23.88
Flower power 0F48,PI040298AD5I210985,2018-08-26 18:44:34,-1.0,2.27,10.34,23.05
Flower power 0F48,PI040298AD5I210985,2018-08-26 18:59:34,-1.0,1.08,10.34,22.16
Flower power 0F48,PI040298AD5I210985,2018-08-26 19:14:34,-1.0,0.23,10.47,20.83
Flower power 0F48,PI040298AD5I210985,2018-08-26 19:29:34,-1.0,0.1,9.94,18.74
Flower power 0F48,PI040298AD5I210985,2018-08-26 19:44:34,-1.0,0.1,10.07,17.78
Flower power 0F48,PI040298AD5I210985,2018-08-26 19:59:34,-1.0,0.1,9.94,17.12
Flower power 0F48,PI040298AD5I210985,2018-08-26 20:14:34,-1.0,0.1,9.8,16.45
Flower power 0F48,PI040298AD5I210985,2018-08-26 20:29:34,-1.0,0.1,10.07,16.34
Flower power 0F48,PI040298AD5I210985,2018-08-26 20:44:34,-1.0,0.1,10.07,16.4
Flower power 0F48,PI040298AD5I210985,2018-08-26 20:59:34,-1.0,0.1,10.34,16.29
Flower power 0F48,PI040298AD5I210985,2018-08-26 21:14:34,-1.0,0.1,9.8,16.19
Flower power 0F48,PI040298AD5I210985,2018-08-26 21:29:34,-1.0,0.1,9.8,16.08
Flower power 0F48,PI040298AD5I210985,2018-08-26 21:44:34,-1.0,0.1,10.2,15.93
Flower power 0F48,PI040298AD5I210985,2018-08-26 21:59:34,-1.0,0.1,9.94,15.5
Flower power 0F48,PI040298AD5I210985,2018-08-26 22:14:34,-1.0,0.1,10.34,15.24
Flower power 0F48,PI040298AD5I210985,2018-08-26 22:29:34,-1.0,0.1,9.8,15.08
Flower power 0F48,PI040298AD5I210985,2018-08-26 22:44:34,-1.0,0.1,10.2,14.87
Flower power 0F48,PI040298AD5I210985,2018-08-26 22:59:34,-1.0,0.1,10.47,14.7
Flower power 0F48,PI040298AD5I210985,2018-08-26 23:14:34,-1.0,0.1,9.8,14.49
Flower power 0F48,PI040298AD5I210985,2018-08-26 23:29:34,-1.0,0.1,9.94,14.33
Flower power 0F48,PI040298AD5I210985,2018-08-26 23:44:34,-1.0,0.1,9.8,14.27
Flower power 0F48,PI040298AD5I210985,2018-08-26 23:59:34,-1.0,0.1,10.34,14.11
Flower power 0F48,PI040298AD5I210985,2018-08-27 00:14:34,-1.0,0.1,10.2,14.11
Flower power 0F48,PI040298AD5I210985,2018-08-27 00:29:34,-1.0,0.1,10.2,14.0
Flower power 0F48,PI040298AD5I210985,2018-08-27 00:44:34,-1.0,0.1,10.2,14.0
Flower power 0F48,PI040298AD5I210985,2018-08-27 00:59:34,-1.0,0.1,10.47,13.89
Flower power 0F48,PI040298AD5I210985,2018-08-27 01:14:34,-1.0,0.1,10.07,13.84
Flower power 0F48,PI040298AD5I210985,2018-08-27 01:29:34,-1.0,0.1,10.2,13.84
Flower power 0F48,PI040298AD5I210985,2018-08-27 01:44:34,-1.0,0.1,10.07,13.84
Flower power 0F48,PI040298AD5I210985,2018-08-27 01:59:34,-1.0,0.1,9.94,13.62
Flower power 0F48,PI040298AD5I210985,2018-08-27 02:14:34,-1.0,0.1,10.07,13.67
Flower power 0F48,PI040298AD5I210985,2018-08-27 02:29:34,-1.0,0.1,10.07,13.89
Flower power 0F48,PI040298AD5I210985,2018-08-27 02:44:34,-1.0,0.1,10.07,14.05
Flower power 0F48,PI040298AD5I210985,2018-08-27 02:59:34,-1.0,0.1,10.2,14.16
Flower power 0F48,PI040298AD5I210985,2018-08-27 03:14:34,-1.0,0.1,9.94,14.22
Flower power 0F48,PI040298AD5I210985,2018-08-27 03:29:34,-1.0,0.1,10.2,14.22
Flower power 0F48,PI040298AD5I210985,2018-08-27 03:44:34,-1.0,0.1,10.2,14.38
Flower power 0F48,PI040298AD5I210985,2018-08-27 03:59:34,-1.0,0.1,10.07,14.49
Flower power 0F48,PI040298AD5I210985,2018-08-27 04:14:34,-1.0,0.1,10.07,14.54
Flower power 0F48,PI040298AD5I210985,2018-08-27 04:29:34,-1.0,0.1,10.07,14.27
Flower power 0F48,PI040298AD5I210985,2018-08-27 04:44:34,-1.0,0.1,10.34,14.38
Flower power 0F48,PI040298AD5I210985,2018-08-27 04:59:34,-1.0,0.1,9.94,14.81
Flower power 0F48,PI040298AD5I210985,2018-08-27 05:14:34,-1.0,0.1,10.07,15.29
Flower power 0F48,PI040298AD5I210985,2018-08-27 05:29:34,-1.0,0.1,10.07,16.55
Flower power 0F48,PI040298AD5I210985,2018-08-27 05:44:34,-1.0,0.1,10.07,16.6
Flower power 0F48,PI040298AD5I210985,2018-08-27 05:59:34,-1.0,0.2,10.34,16.4
Flower power 0F48,PI040298AD5I210985,2018-08-27 06:14:34,-1.0,0.25,10.34,17.43
Flower power 0F48,PI040298AD5I210985,2018-08-27 06:29:34,-1.0,0.52,10.2,17.63
Flower power 0F48,PI040298AD5I210985,2018-08-27 06:44:34,-1.0,0.58,10.2,18.74
Flower power 0F48,PI040298AD5I210985,2018-08-27 06:59:34,-1.0,1.22,10.07,19.23
Flower power 0F48,PI040298AD5I210985,2018-08-27 07:14:34,-1.0,7.23,10.2,20.3
Flower power 0F48,PI040298AD5I210985,2018-08-27 07:29:34,-1.0,6.62,10.2,24.2
Flower power 0F48,PI040298AD5I210985,2018-08-27 07:44:34,-1.0,13.83,10.2,25.11
Flower power 0F48,PI040298AD5I210985,2018-08-27 07:59:34,-1.0,1.7,10.2,22.96
Flower power 0F48,PI040298AD5I210985,2018-08-27 08:14:34,-1.0,19.26,10.34,21.6
Flower power 0F48,PI040298AD5I210985,2018-08-27 08:29:34,-1.0,12.41,9.94,21.45
Flower power 0F48,PI040298AD5I210985,2018-08-27 08:44:34,-1.0,66.43,9.94,25.47
Flower power 0F48,PI040298AD5I210985,2018-08-27 08:59:34,-1.0,23.35,9.67,29.08
Flower power 0F48,PI040298AD5I210985,2018-08-27 09:14:34,-1.0,82.92,10.07,30.67
Flower power 0F48,PI040298AD5I210985,2018-08-27 09:29:34,-1.0,38.18,10.2,39.75
Flower power 0F48,PI040298AD5I210985,2018-08-27 09:44:34,-1.0,89.53,9.8,45.44
Flower power 0F48,PI040298AD5I210985,2018-08-27 09:59:34,-1.0,107.49,9.94,38.65
Flower power 0F48,PI040298AD5I210985,2018-08-27 10:14:34,-1.0,72.19,9.94,50.71
Flower power 0F48,PI040298AD5I210985,2018-08-27 10:29:34,-1.0,69.19,10.07,52.3
Flower power 0F48,PI040298AD5I210985,2018-08-27 10:44:34,-1.0,68.72,9.8,54.78
Flower power 0F48,PI040298AD5I210985,2018-08-27 10:59:34,-1.0,69.68,9.8,54.46
Flower power 0F48,PI040298AD5I210985,2018-08-27 11:14:34,-1.0,71.68,10.07,55.0
Flower power 0F48,PI040298AD5I210985,2018-08-27 11:29:34,-1.0,74.89,10.07,55.0
Flower power 0F48,PI040298AD5I210985,2018-08-27 11:44:34,-1.0,74.89,10.07,55.0
Flower power 0F48,PI040298AD5I210985,2018-08-27 11:59:34,-1.0,76.03,10.07,55.0
Flower power 0F48,PI040298AD5I210985,2018-08-27 12:14:34,-1.0,78.4,10.34,55.0
Flower power 0F48,PI040298AD5I210985,2018-08-27 12:29:34,-1.0,80.28,10.07,55.0
Flower power 0F48,PI040298AD5I210985,2018-08-27 12:44:34,-1.0,85.02,10.07,55.0
Flower power 0F48,PI040298AD5I210985,2018-08-27 12:59:34,-1.0,87.98,10.2,55.0
Flower power 0F48,PI040298AD5I210985,2018-08-27 13:14:34,-1.0,88.75,9.94,55.0
Flower power 0F48,PI040298AD5I210985,2018-08-27 13:29:34,-1.0,91.14,9.94,55.0
Flower power 0F48,PI040298AD5I210985,2018-08-27 13:44:34,-1.0,90.33,10.34,53.18
Flower power 0F48,PI040298AD5I210985,2018-08-27 13:59:34,-1.0,73.79,10.2,51.99
Flower power 0F48,PI040298AD5I210985,2018-08-27 14:14:34,-1.0,81.58,10.34,51.08
Flower power 0F48,PI040298AD5I210985,2018-08-27 14:29:34,-1.0,86.47,9.94,49.65
Flower power 0F48,PI040298AD5I210985,2018-08-27 14:44:34,-1.0,92.81,10.34,47.86
Flower power 0F48,PI040298AD5I210985,2018-08-27 14:59:34,-1.0,79.64,9.8,48.2
Flower power 0F48,PI040298AD5I210985,2018-08-27 15:14:34,-1.0,19.54,10.2,39.08
Flower power 0F48,PI040298AD5I210985,2018-08-27 15:29:34,-1.0,16.84,9.8,33.96
Flower power 0F48,PI040298AD5I210985,2018-08-27 15:44:34,-1.0,15.24,9.94,32.44
Flower power 0F48,PI040298AD5I210985,2018-08-27 15:59:34,-1.0,14.13,10.34,31.47
Flower power 0F48,PI040298AD5I210985,2018-08-27 16:14:34,-1.0,12.96,10.34,30.81
Flower power 0F48,PI040298AD5I210985,2018-08-27 16:29:34,-1.0,11.88,10.2,30.1
Flower power 0F48,PI040298AD5I210985,2018-08-27 16:44:34,-1.0,11.07,10.07,29.53
Flower power 0F48,PI040298AD5I210985,2018-08-27 16:59:34,-1.0,10.24,10.07,29.17
Flower power 0F48,PI040298AD5I210985,2018-08-27 17:14:34,-1.0,9.51,9.8,28.86
Flower power 0F48,PI040298AD5I210985,2018-08-27 17:29:34,-1.0,8.76,9.8,28.46
Flower power 0F48,PI040298AD5I210985,2018-08-27 17:44:34,-1.0,7.6,10.2,27.98
Flower power 0F48,PI040298AD5I210985,2018-08-27 17:59:34,-1.0,6.47,10.34,26.86
Flower power 0F48,PI040298AD5I210985,2018-08-27 18:14:34,-1.0,5.2,10.34,25.74
Flower power 0F48,PI040298AD5I210985,2018-08-27 18:29:34,-1.0,3.8,9.94,24.61
Flower power 0F48,PI040298AD5I210985,2018-08-27 18:44:34,-1.0,2.35,9.8,23.79
Flower power 0F48,PI040298AD5I210985,2018-08-27 18:59:34,-1.0,1.02,10.34,22.96
Flower power 0F48,PI040298AD5I210985,2018-08-27 19:14:34,-1.0,0.21,10.2,21.83
Flower power 0F48,PI040298AD5I210985,2018-08-27 19:29:34,-1.0,0.1,10.2,20.83
Flower power 0F48,PI040298AD5I210985,2018-08-27 19:44:34,-1.0,0.1,10.2,20.3
Flower power 0F48,PI040298AD5I210985,2018-08-27 19:59:34,-1.0,0.1,10.2,19.77
Flower power 0F48,PI040298AD5I210985,2018-08-27 20:14:34,-1.0,0.1,10.07,19.13
Flower power 0F48,PI040298AD5I210985,2018-08-27 20:29:34,-1.0,0.1,9.94,19.08
Flower power 0F48,PI040298AD5I210985,2018-08-27 20:44:34,-1.0,0.1,10.07,18.54
Flower power 0F48,PI040298AD5I210985,2018-08-27 20:59:34,-1.0,0.1,9.94,17.98
Flower power 0F48,PI040298AD5I210985,2018-08-27 21:14:34,-1.0,0.1,10.34,17.78
Flower power 0F48,PI040298AD5I210985,2018-08-27 21:29:34,-1.0,0.1,10.2,17.58
Flower power 0F48,PI040298AD5I210985,2018-08-27 21:44:34,-1.0,0.1,10.07,17.73
Flower power 0F48,PI040298AD5I210985,2018-08-27 21:59:34,-1.0,0.1,10.07,17.68
Flower power 0F48,PI040298AD5I210985,2018-08-27 22:14:34,-1.0,0.1,10.07,17.58
Flower power 0F48,PI040298AD5I210985,2018-08-27 22:29:34,-1.0,0.1,10.2,17.58
Flower power 0F48,PI040298AD5I210985,2018-08-27 22:44:34,-1.0,0.1,9.8,17.48
Flower power 0F48,PI040298AD5I210985,2018-08-27 22:59:34,-1.0,0.1,10.07,17.43
Flower power 0F48,PI040298AD5I210985,2018-08-27 23:14:34,-1.0,0.1,10.07,17.17
Flower power 0F48,PI040298AD5I210985,2018-08-27 23:29:34,-1.0,0.1,10.07,16.76
Flower power 0F48,PI040298AD5I210985,2018-08-27 23:44:34,-1.0,0.1,9.67,16.5
Flower power 0F48,PI040298AD5I210985,2018-08-27 23:59:34,-1.0,0.1,10.2,16.6
Flower power 0F48,PI040298AD5I210985,2018-08-28 00:14:34,-1.0,0.1,10.2,16.34
Flower power 0F48,PI040298AD5I210985,2018-08-28 00:29:34,-1.0,0.1,10.2,15.87
Flower power 0F48,PI040298AD5I210985,2018-08-28 00:44:34,-1.0,0.1,10.07,16.19
Flower power 0F48,PI040298AD5I210985,2018-08-28 00:59:34,-1.0,0.1,10.07,16.24
Flower power 0F48,PI040298AD5I210985,2018-08-28 01:14:34,-1.0,0.1,10.07,16.45
Flower power 0F48,PI040298AD5I210985,2018-08-28 01:29:34,-1.0,0.1,9.94,16.34
Flower power 0F48,PI040298AD5I210985,2018-08-28 01:44:34,-1.0,0.1,9.67,16.55
Flower power 0F48,PI040298AD5I210985,2018-08-28 01:59:34,-1.0,0.1,10.2,16.76
Flower power 0F48,PI040298AD5I210985,2018-08-28 02:14:34,-1.0,0.1,9.8,16.81
Flower power 0F48,PI040298AD5I210985,2018-08-28 02:29:34,-1.0,0.1,9.8,16.66
Flower power 0F48,PI040298AD5I210985,2018-08-28 02:44:34,-1.0,0.1,9.94,16.76
Flower power 0F48,PI040298AD5I210985,2018-08-28 02:59:34,-1.0,0.1,10.07,16.71
Flower power 0F48,PI040298AD5I210985,2018-08-28 03:14:34,-1.0,0.1,9.94,16.81
Flower power 0F48,PI040298AD5I210985,2018-08-28 03:29:34,-1.0,0.1,9.8,16.66
Flower power 0F48,PI040298AD5I210985,2018-08-28 03:44:34,-1.0,0.1,10.34,16.81
Flower power 0F48,PI040298AD5I210985,2018-08-28 03:59:34,-1.0,0.1,10.07,16.97
Flower power 0F48,PI040298AD5I210985,2018-08-28 04:14:34,-1.0,0.1,9.67,16.97
Flower power 0F48,PI040298AD5I210985,2018-08-28 04:29:34,-1.0,0.1,9.94,16.91
Flower power 0F48,PI040298AD5I210985,2018-08-28 04:44:34,-1.0,0.1,9.67,16.66
Flower power 0F48,PI040298AD5I210985,2018-08-28 04:59:34,-1.0,0.1,10.07,16.76
Flower power 0F48,PI040298AD5I210985,2018-08-28 05:14:34,-1.0,0.1,9.67,16.6
Flower power 0F48,PI040298AD5I210985,2018-08-28 05:29:34,-1.0,0.1,10.07,17.17
Flower power 0F48,PI040298AD5I210985,2018-08-28 05:44:34,-1.0,0.1,10.07,17.07
Flower power 0F48,PI040298AD5I210985,2018-08-28 05:59:34,-1.0,0.38,9.94,16.81
Flower power 0F48,PI040298AD5I210985,2018-08-28 06:14:34,-1.0,1.5,9.8,16.71
Flower power 0F48,PI040298AD5I210985,2018-08-28 06:29:34,-1.0,1.94,10.07,17.73
Flower power 0F48,PI040298AD5I210985,2018-08-28 06:44:34,-1.0,4.83,9.8,18.19
Flower power 0F48,PI040298AD5I210985,2018-08-28 06:59:34,-1.0,7.16,9.94,18.03
Flower power 0F48,PI040298AD5I210985,2018-08-28 07:14:34,-1.0,8.49,10.2,18.69
Flower power 0F48,PI040298AD5I210985,2018-08-28 07:29:34,-1.0,10.7,9.67,19.87
Flower power 0F48,PI040298AD5I210985,2018-08-28 07:44:34,-1.0,17.61,10.2,21.69
Flower power 0F48,PI040298AD5I210985,2018-08-28 07:59:34,-1.0,19.1,10.07,23.79
Flower power 0F48,PI040298AD5I210985,2018-08-28 08:14:34,-1.0,35.64,10.07,25.92
Flower power 0F48,PI040298AD5I210985,2018-08-28 08:29:34,-1.0,64.7,10.07,29.04
Flower power 0F48,PI040298AD5I210985,2018-08-28 08:44:34,-1.0,71.17,9.54,33.16
Flower power 0F48,PI040298AD5I210985,2018-08-28 08:59:34,-1.0,79.02,10.07,36.96
Flower power 0F48,PI040298AD5I210985,2018-08-28 09:14:34,-1.0,87.98,10.2,39.51
Flower power 0F48,PI040298AD5I210985,2018-08-28 09:29:34,-1.0,96.33,9.8,41.86
Flower power 0F48,PI040298AD5I210985,2018-08-28 09:44:34,-1.0,102.12,9.94,44.06
Flower power 0F48,PI040298AD5I210985,2018-08-28 09:59:34,-1.0,107.49,9.94,46.47
Flower power 0F48,PI040298AD5I210985,2018-08-28 10:14:34,-1.0,112.2,9.94,49.41
Flower power 0F48,PI040298AD5I210985,2018-08-28 10:29:34,-1.0,116.0,9.94,50.36
Flower power 0F48,PI040298AD5I210985,2018-08-28 10:44:34,-1.0,112.2,9.54,52.93
Flower power 0F48,PI040298AD5I210985,2018-08-28 10:59:34,-1.0,109.8,10.07,54.33
Flower power 0F48,PI040298AD5I210985,2018-08-28 11:14:34,-1.0,106.38,10.07,55.0
Flower power 0F48,PI040298AD5I210985,2018-08-28 11:29:34,-1.0,101.11,9.8,55.0
Flower power 0F48,PI040298AD5I210985,2018-08-28 11:44:34,-1.0,103.16,10.07,55.0
Flower power 0F48,PI040298AD5I210985,2018-08-28 11:59:34,-1.0,108.63,10.07,55.0
Flower power 0F48,PI040298AD5I210985,2018-08-28 12:14:34,-1.0,112.2,10.07,55.0
Flower power 0F48,PI040298AD5I210985,2018-08-28 12:29:34,-1.0,117.33,9.8,55.0
Flower power 0F48,PI040298AD5I210985,2018-08-28 12:44:34,-1.0,121.48,9.94,54.92
Flower power 0F48,PI040298AD5I210985,2018-08-28 12:59:34,-1.0,124.41,9.8,55.0
Flower power 0F48,PI040298AD5I210985,2018-08-28 13:14:34,-1.0,122.93,10.2,53.88
Flower power 0F48,PI040298AD5I210985,2018-08-28 13:29:34,-1.0,124.41,10.2,52.67
Flower power 0F48,PI040298AD5I210985,2018-08-28 13:44:34,-1.0,124.41,10.2,50.18
Flower power 0F48,PI040298AD5I210985,2018-08-28 13:59:34,-1.0,122.93,9.8,49.76
Flower power 0F48,PI040298AD5I210985,2018-08-28 14:14:34,-1.0,117.33,10.07,49.88
Flower power 0F48,PI040298AD5I210985,2018-08-28 14:29:34,-1.0,81.58,10.07,47.8
Flower power 0F48,PI040298AD5I210985,2018-08-28 14:44:34,-1.0,87.98,9.67,44.11
Flower power 0F48,PI040298AD5I210985,2018-08-28 14:59:34,-1.0,89.53,10.2,42.72
Flower power 0F48,PI040298AD5I210985,2018-08-28 15:14:34,-1.0,11.8,10.07,31.6
Flower power 0F48,PI040298AD5I210985,2018-08-28 15:29:34,-1.0,11.2,9.94,27.62
Flower power 0F48,PI040298AD5I210985,2018-08-28 15:44:34,-1.0,10.82,9.94,26.46
Flower power 0F48,PI040298AD5I210985,2018-08-28 15:59:34,-1.0,10.38,9.94,25.97
Flower power 0F48,PI040298AD5I210985,2018-08-28 16:14:34,-1.0,9.94,10.07,25.47
Flower power 0F48,PI040298AD5I210985,2018-08-28 16:29:34,-1.0,9.4,9.67,25.07
Flower power 0F48,PI040298AD5I210985,2018-08-28 16:44:34,-1.0,9.03,9.8,24.61
Flower power 0F48,PI040298AD5I210985,2018-08-28 16:59:34,-1.0,8.43,10.07,24.2
Flower power 0F48,PI040298AD5I210985,2018-08-28 17:14:34,-1.0,7.98,9.94,23.83
Flower power 0F48,PI040298AD5I210985,2018-08-28 17:29:34,-1.0,7.48,9.67,23.19
Flower power 0F48,PI040298AD5I210985,2018-08-28 17:44:34,-1.0,6.69,10.07,22.58
Flower power 0F48,PI040298AD5I210985,2018-08-28 17:59:34,-1.0,5.94,10.07,22.26
Flower power 0F48,PI040298AD5I210985,2018-08-28 18:14:34,-1.0,5.0,9.67,21.88
Flower power 0F48,PI040298AD5I210985,2018-08-28 18:29:34,-1.0,3.85,10.07,21.31
Flower power 0F48,PI040298AD5I210985,2018-08-28 18:44:34,-1.0,2.45,10.2,20.74
Flower power 0F48,PI040298AD5I210985,2018-08-28 18:59:34,-1.0,1.05,9.94,20.16
Flower power 0F48,PI040298AD5I210985,2018-08-28 19:14:34,-1.0,0.2,10.07,19.57
Flower power 0F48,PI040298AD5I210985,2018-08-28 19:29:34,-1.0,0.1,9.94,19.33
Flower power 0F48,PI040298AD5I210985,2018-08-28 19:44:34,-1.0,0.1,9.94,18.93
Flower power 0F48,PI040298AD5I210985,2018-08-28 19:59:34,-1.0,0.1,9.94,19.03
Flower power 0F48,PI040298AD5I210985,2018-08-28 20:14:34,-1.0,0.1,9.94,19.03
Flower power 0F48,PI040298AD5I210985,2018-08-28 20:29:34,-1.0,0.1,10.07,18.93
Flower power 0F48,PI040298AD5I210985,2018-08-28 20:44:34,-1.0,0.1,10.07,18.88
Flower power 0F48,PI040298AD5I210985,2018-08-28 20:59:34,-1.0,0.1,10.2,18.74
Flower power 0F48,PI040298AD5I210985,2018-08-28 21:14:34,-1.0,0.1,10.07,18.64
Flower power 0F48,PI040298AD5I210985,2018-08-28 21:29:34,-1.0,0.1,10.07,18.59
Flower power 0F48,PI040298AD5I210985,2018-08-28 21:44:34,-1.0,0.1,9.67,18.78
Flower power 0F48,PI040298AD5I210985,2018-08-28 21:59:34,-1.0,0.1,9.94,18.69
Flower power 0F48,PI040298AD5I210985,2018-08-28 22:14:34,-1.0,0.1,10.07,18.59
Flower power 0F48,PI040298AD5I210985,2018-08-28 22:29:34,-1.0,0.1,9.67,18.69
Flower power 0F48,PI040298AD5I210985,2018-08-28 22:44:34,-1.0,0.1,10.2,18.74
Flower power 0F48,PI040298AD5I210985,2018-08-28 22:59:34,-1.0,0.1,10.2,18.74
Flower power 0F48,PI040298AD5I210985,2018-08-28 23:14:34,-1.0,0.1,9.94,18.83
Flower power 0F48,PI040298AD5I210985,2018-08-28 23:29:34,-1.0,0.1,9.67,18.69
Flower power 0F48,PI040298AD5I210985,2018-08-28 23:44:34,-1.0,0.1,9.94,18.74
Flower power 0F48,PI040298AD5I210985,2018-08-28 23:59:34,-1.0,0.1,9.8,18.54
Flower power 0F48,PI040298AD5I210985,2018-08-29 00:14:34,-1.0,0.1,9.94,18.59
Flower power 0F48,PI040298AD5I210985,2018-08-29 00:29:34,-1.0,0.1,10.07,18.44
Flower power 0F48,PI040298AD5I210985,2018-08-29 00:44:34,-1.0,0.1,9.94,18.29
Flower power 0F48,PI040298AD5I210985,2018-08-29 00:59:34,-1.0,0.1,9.8,18.24
Flower power 0F48,PI040298AD5I210985,2018-08-29 01:14:34,-1.0,0.1,9.54,18.13
Flower power 0F48,PI040298AD5I210985,2018-08-29 01:29:34,-1.0,0.1,10.2,18.24
Flower power 0F48,PI040298AD5I210985,2018-08-29 01:44:34,-1.0,0.1,9.94,18.03
Flower power 0F48,PI040298AD5I210985,2018-08-29 01:59:34,-1.0,0.1,9.54,18.29
Flower power 0F48,PI040298AD5I210985,2018-08-29 02:14:34,-1.0,0.1,9.54,18.13
Flower power 0F48,PI040298AD5I210985,2018-08-29 02:29:34,-1.0,0.1,9.94,18.08
Flower power 0F48,PI040298AD5I210985,2018-08-29 02:44:34,-1.0,0.1,9.67,17.78
Flower power 0F48,PI040298AD5I210985,2018-08-29 02:59:34,-1.0,0.1,9.8,17.27
Flower power 0F48,PI040298AD5I210985,2018-08-29 03:14:34,-1.0,0.1,9.8,16.76
Flower power 0F48,PI040298AD5I210985,2018-08-29 03:29:34,-1.0,0.1,9.67,16.5
Flower power 0F48,PI040298AD5I210985,2018-08-29 03:44:34,-1.0,0.1,9.67,16.4
Flower power 0F48,PI040298AD5I210985,2018-08-29 03:59:34,-1.0,0.1,9.8,15.5
Flower power 0F48,PI040298AD5I210985,2018-08-29 04:14:34,-1.0,0.1,9.67,14.38
Flower power 0F48,PI040298AD5I210985,2018-08-29 04:29:34,-1.0,0.1,9.94,15.61
Flower power 0F48,PI040298AD5I210985,2018-08-29 04:44:34,-1.0,0.1,9.54,16.29
Flower power 0F48,PI040298AD5I210985,2018-08-29 04:59:34,-1.0,0.1,9.54,16.4
Flower power 0F48,PI040298AD5I210985,2018-08-29 05:14:34,-1.0,0.1,10.07,15.66
Flower power 0F48,PI040298AD5I210985,2018-08-29 05:29:34,-1.0,0.1,10.2,14.7
Flower power 0F48,PI040298AD5I210985,2018-08-29 05:44:34,-1.0,0.1,9.94,14.97
Flower power 0F48,PI040298AD5I210985,2018-08-29 05:59:34,-1.0,0.37,9.94,14.87
Flower power 0F48,PI040298AD5I210985,2018-08-29 06:14:34,-1.0,1.49,9.8,14.43
Flower power 0F48,PI040298AD5I210985,2018-08-29 06:29:34,-1.0,3.0,9.94,14.49
Flower power 0F48,PI040298AD5I210985,2018-08-29 06:44:34,-1.0,4.38,9.8,15.35
Flower power 0F48,PI040298AD5I210985,2018-08-29 06:59:34,-1.0,5.56,10.07,16.66
Flower power 0F48,PI040298AD5I210985,2018-08-29 07:14:34,-1.0,6.85,9.8,17.63
Flower power 0F48,PI040298AD5I210985,2018-08-29 07:29:34,-1.0,8.98,9.67,19.28
Flower power 0F48,PI040298AD5I210985,2018-08-29 07:44:34,-1.0,17.34,9.94,21.74
Flower power 0F48,PI040298AD5I210985,2018-08-29 07:59:34,-1.0,33.29,10.07,23.93
Flower power 0F48,PI040298AD5I210985,2018-08-29 08:14:34,-1.0,53.21,9.67,26.73
Flower power 0F48,PI040298AD5I210985,2018-08-29 08:29:34,-1.0,65.55,9.54,29.35
Flower power 0F48,PI040298AD5I210985,2018-08-29 08:44:34,-1.0,77.8,9.94,32.76
Flower power 0F48,PI040298AD5I210985,2018-08-29 08:59:34,-1.0,85.02,9.94,35.68
Flower power 0F48,PI040298AD5I210985,2018-08-29 09:14:34,-1.0,91.97,9.67,37.15
Flower power 0F48,PI040298AD5I210985,2018-08-29 09:29:34,-1.0,101.11,9.8,39.17
Flower power 0F48,PI040298AD5I210985,2018-08-29 09:44:34,-1.0,109.8,9.8,41.96
Flower power 0F48,PI040298AD5I210985,2018-08-29 09:59:34,-1.0,117.33,9.94,43.9
Flower power 0F48,PI040298AD5I210985,2018-08-29 10:14:34,-1.0,124.41,10.07,45.6
Flower power 0F48,PI040298AD5I210985,2018-08-29 10:29:34,-1.0,129.07,9.54,47.97
Flower power 0F48,PI040298AD5I210985,2018-08-29 10:44:34,-1.0,134.09,10.07,50.77
Flower power 0F48,PI040298AD5I210985,2018-08-29 10:59:34,-1.0,134.09,9.54,51.2
Flower power 0F48,PI040298AD5I210985,2018-08-29 11:14:34,-1.0,139.49,9.67,51.99
Flower power 0F48,PI040298AD5I210985,2018-08-29 11:29:34,-1.0,141.39,9.54,53.18
Flower power 0F48,PI040298AD5I210985,2018-08-29 11:44:34,-1.0,143.34,10.07,53.81
Flower power 0F48,PI040298AD5I210985,2018-08-29 11:59:34,-1.0,145.34,9.54,53.11
Flower power 0F48,PI040298AD5I210985,2018-08-29 12:14:34,-1.0,147.4,9.94,53.88
Flower power 0F48,PI040298AD5I210985,2018-08-29 12:29:34,-1.0,149.51,10.07,52.61
Flower power 0F48,PI040298AD5I210985,2018-08-29 12:44:34,-1.0,147.4,9.94,55.0
Flower power 0F48,PI040298AD5I210985,2018-08-29 12:59:34,-1.0,147.4,9.94,54.14
Flower power 0F48,PI040298AD5I210985,2018-08-29 13:14:34,-1.0,145.34,10.07,52.42
Flower power 0F48,PI040298AD5I210985,2018-08-29 13:29:34,-1.0,143.34,9.54,50.83
Flower power 0F48,PI040298AD5I210985,2018-08-29 13:44:34,-1.0,137.64,9.8,48.37
Flower power 0F48,PI040298AD5I210985,2018-08-29 13:59:34,-1.0,132.37,9.67,47.47
Flower power 0F48,PI040298AD5I210985,2018-08-29 14:14:34,-1.0,125.93,9.8,47.3
Flower power 0F48,PI040298AD5I210985,2018-08-29 14:29:34,-1.0,87.98,10.07,45.55
Flower power 0F48,PI040298AD5I210985,2018-08-29 14:44:34,-1.0,77.8,10.07,42.97
Flower power 0F48,PI040298AD5I210985,2018-08-29 14:59:34,-1.0,98.19,9.67,41.07
Flower power 0F48,PI040298AD5I210985,2018-08-29 15:14:34,-1.0,16.96,10.07,31.2
Flower power 0F48,PI040298AD5I210985,2018-08-29 15:29:34,-1.0,16.04,10.07,28.07
Flower power 0F48,PI040298AD5I210985,2018-08-29 15:44:34,-1.0,14.94,10.07,27.4
Flower power 0F48,PI040298AD5I210985,2018-08-29 15:59:34,-1.0,14.45,9.8,27.0
Flower power 0F48,PI040298AD5I210985,2018-08-29 16:14:34,-1.0,13.15,10.07,26.42
Flower power 0F48,PI040298AD5I210985,2018-08-29 16:29:34,-1.0,12.0,10.07,26.15
Flower power 0F48,PI040298AD5I210985,2018-08-29 16:44:34,-1.0,10.86,10.07,25.34
Flower power 0F48,PI040298AD5I210985,2018-08-29 16:59:34,-1.0,10.19,9.67,24.79
Flower power 0F48,PI040298AD5I210985,2018-08-29 17:14:34,-1.0,9.35,9.94,24.43
Flower power 0F48,PI040298AD5I210985,2018-08-29 17:29:34,-1.0,8.48,9.94,24.11
Flower power 0F48,PI040298AD5I210985,2018-08-29 17:44:34,-1.0,7.42,9.67,23.65
Flower power 0F48,PI040298AD5I210985,2018-08-29 17:59:34,-1.0,6.25,9.54,23.19
Flower power 0F48,PI040298AD5I210985,2018-08-29 18:14:34,-1.0,5.14,10.2,22.54
Flower power 0F48,PI040298AD5I210985,2018-08-29 18:29:34,-1.0,3.7,10.07,21.88
Flower power 0F48,PI040298AD5I210985,2018-08-29 18:44:34,-1.0,2.18,9.8,21.41
Flower power 0F48,PI040298AD5I210985,2018-08-29 18:59:34,-1.0,0.91,9.67,20.69
Flower power 0F48,PI040298AD5I210985,2018-08-29 19:14:34,-1.0,0.16,9.94,19.72
Flower power 0F48,PI040298AD5I210985,2018-08-29 19:29:34,-1.0,0.1,9.94,19.62
Flower power 0F48,PI040298AD5I210985,2018-08-29 19:44:34,-1.0,0.1,9.4,18.69
Flower power 0F48,PI040298AD5I210985,2018-08-29 19:59:34,-1.0,0.1,9.67,19.08
Flower power 0F48,PI040298AD5I210985,2018-08-29 20:14:34,-1.0,0.1,9.54,19.13
Flower power 0F48,PI040298AD5I210985,2018-08-29 20:29:34,-1.0,0.1,9.67,19.13
Flower power 0F48,PI040298AD5I210985,2018-08-29 20:44:34,-1.0,0.1,9.54,19.13
Flower power 0F48,PI040298AD5I210985,2018-08-29 20:59:34,-1.0,0.1,9.8,18.93
Flower power 0F48,PI040298AD5I210985,2018-08-29 21:14:34,-1.0,0.1,9.8,18.78
Flower power 0F48,PI040298AD5I210985,2018-08-29 21:29:34,-1.0,0.1,10.07,18.74
Flower power 0F48,PI040298AD5I210985,2018-08-29 21:44:34,-1.0,0.1,9.8,18.78
Flower power 0F48,PI040298AD5I210985,2018-08-29 21:59:34,-1.0,0.1,9.67,18.54
Flower power 0F48,PI040298AD5I210985,2018-08-29 22:14:34,-1.0,0.1,9.67,18.03
Flower power 0F48,PI040298AD5I210985,2018-08-29 22:29:34,-1.0,0.1,9.54,18.03
Flower power 0F48,PI040298AD5I210985,2018-08-29 22:44:34,-1.0,0.1,9.94,17.43
Flower power 0F48,PI040298AD5I210985,2018-08-29 22:59:34,-1.0,0.1,9.4,16.81
Flower power 0F48,PI040298AD5I210985,2018-08-29 23:14:34,-1.0,0.1,9.94,16.5
Flower power 0F48,PI040298AD5I210985,2018-08-29 23:29:34,-1.0,0.1,9.67,16.81
Flower power 0F48,PI040298AD5I210985,2018-08-29 23:44:34,-1.0,0.1,9.67,16.91
Flower power 0F48,PI040298AD5I210985,2018-08-29 23:59:34,-1.0,0.1,9.8,17.07
Flower power 0F48,PI040298AD5I210985,2018-08-30 00:14:34,-1.0,0.1,9.8,16.6
Flower power 0F48,PI040298AD5I210985,2018-08-30 00:29:34,-1.0,0.1,9.8,15.5
Flower power 0F48,PI040298AD5I210985,2018-08-30 00:44:34,-1.0,0.1,9.8,14.38
Flower power 0F48,PI040298AD5I210985,2018-08-30 00:59:34,-1.0,0.1,9.4,13.67
Flower power 0F48,PI040298AD5I210985,2018-08-30 01:14:34,-1.0,0.1,9.54,13.12
Flower power 0F48,PI040298AD5I210985,2018-08-30 01:29:34,-1.0,0.1,9.8,12.62
Flower power 0F48,PI040298AD5I210985,2018-08-30 01:44:34,-1.0,0.1,9.8,12.62
Flower power 0F48,PI040298AD5I210985,2018-08-30 01:59:34,-1.0,0.1,10.07,12.28
Flower power 0F48,PI040298AD5I210985,2018-08-30 02:14:34,-1.0,0.1,9.54,12.05
Flower power 0F48,PI040298AD5I210985,2018-08-30 02:29:34,-1.0,0.1,9.8,12.39
Flower power 0F48,PI040298AD5I210985,2018-08-30 02:44:34,-1.0,0.1,9.8,11.94
Flower power 0F48,PI040298AD5I210985,2018-08-30 02:59:34,-1.0,0.1,9.8,11.94
Flower power 0F48,PI040298AD5I210985,2018-08-30 03:14:34,-1.0,0.1,9.8,11.76
Flower power 0F48,PI040298AD5I210985,2018-08-30 03:29:34,-1.0,0.1,9.94,11.59
Flower power 0F48,PI040298AD5I210985,2018-08-30 03:44:34,-1.0,0.1,9.94,11.65
Flower power 0F48,PI040298AD5I210985,2018-08-30 03:59:34,-1.0,0.1,9.54,11.42
Flower power 0F48,PI040298AD5I210985,2018-08-30 04:14:34,-1.0,0.1,10.07,11.19
Flower power 0F48,PI040298AD5I210985,2018-08-30 04:29:34,-1.0,0.1,10.07,11.07
Flower power 0F48,PI040298AD5I210985,2018-08-30 04:44:34,-1.0,0.1,9.8,11.07
Flower power 0F48,PI040298AD5I210985,2018-08-30 04:59:34,-1.0,0.1,9.27,10.9
Flower power 0F48,PI040298AD5I210985,2018-08-30 05:14:34,-1.0,0.1,9.8,10.96
Flower power 0F48,PI040298AD5I210985,2018-08-30 05:29:34,-1.0,0.1,9.8,10.9
Flower power 0F48,PI040298AD5I210985,2018-08-30 05:44:34,-1.0,0.1,9.54,10.66
Flower power 0F48,PI040298AD5I210985,2018-08-30 05:59:34,-1.0,0.31,9.67,10.61
Flower power 0F48,PI040298AD5I210985,2018-08-30 06:14:34,-1.0,1.31,9.8,11.19
Flower power 0F48,PI040298AD5I210985,2018-08-30 06:29:34,-1.0,3.23,9.8,12.11
Flower power 0F48,PI040298AD5I210985,2018-08-30 06:44:34,-1.0,5.83,9.8,13.45
Flower power 0F48,PI040298AD5I210985,2018-08-30 06:59:34,-1.0,8.57,9.54,14.92
Flower power 0F48,PI040298AD5I210985,2018-08-30 07:14:34,-1.0,11.32,9.67,16.29
Flower power 0F48,PI040298AD5I210985,2018-08-30 07:29:34,-1.0,14.33,9.54,17.78
Flower power 0F48,PI040298AD5I210985,2018-08-30 07:44:34,-1.0,18.27,9.67,19.96
Flower power 0F48,PI040298AD5I210985,2018-08-30 07:59:34,-1.0,33.29,9.8,22.44
Flower power 0F48,PI040298AD5I210985,2018-08-30 08:14:34,-1.0,49.21,9.4,26.1
Flower power 0F48,PI040298AD5I210985,2018-08-30 08:29:34,-1.0,61.49,9.54,30.59
Flower power 0F48,PI040298AD5I210985,2018-08-30 08:44:34,-1.0,69.68,9.4,34.77
Flower power 0F48,PI040298AD5I210985,2018-08-30 08:59:34,-1.0,76.61,9.94,38.18
Flower power 0F48,PI040298AD5I210985,2018-08-30 09:14:34,-1.0,84.31,9.4,40.72
Flower power 0F48,PI040298AD5I210985,2018-08-30 09:29:34,-1.0,91.97,9.67,43.18
Flower power 0F48,PI040298AD5I210985,2018-08-30 09:44:34,-1.0,100.12,9.54,45.71
Flower power 0F48,PI040298AD5I210985,2018-08-30 09:59:34,-1.0,106.38,9.94,47.02
Flower power 0F48,PI040298AD5I210985,2018-08-30 10:14:34,-1.0,114.71,9.54,50.65
Flower power 0F48,PI040298AD5I210985,2018-08-30 10:29:34,-1.0,120.06,9.8,53.11
Flower power 0F48,PI040298AD5I210985,2018-08-30 10:44:34,-1.0,122.93,9.94,53.56
Flower power 0F48,PI040298AD5I210985,2018-08-30 10:59:34,-1.0,127.48,9.94,54.39
Flower power 0F48,PI040298AD5I210985,2018-08-30 11:14:34,-1.0,129.07,10.07,54.65
Flower power 0F48,PI040298AD5I210985,2018-08-30 11:29:34,-1.0,134.09,9.94,53.43
Flower power 0F48,PI040298AD5I210985,2018-08-30 11:44:34,-1.0,135.84,10.2,53.18
Flower power 0F48,PI040298AD5I210985,2018-08-30 11:59:34,-1.0,137.64,9.8,52.3
Flower power 0F48,PI040298AD5I210985,2018-08-30 12:14:34,-1.0,139.49,10.2,53.11
Flower power 0F48,PI040298AD5I210985,2018-08-30 12:29:34,-1.0,139.49,10.2,51.62
Flower power 0F48,PI040298AD5I210985,2018-08-30 12:44:34,-1.0,139.49,10.07,51.2
Flower power 0F48,PI040298AD5I210985,2018-08-30 12:59:34,-1.0,137.64,10.07,51.5
Flower power 0F48,PI040298AD5I210985,2018-08-30 13:14:34,-1.0,137.64,9.94,51.02
Flower power 0F48,PI040298AD5I210985,2018-08-30 13:29:34,-1.0,135.84,10.2,52.99
Flower power 0F48,PI040298AD5I210985,2018-08-30 13:44:34,-1.0,130.7,9.94,51.81
Flower power 0F48,PI040298AD5I210985,2018-08-30 13:59:34,-1.0,127.48,10.34,50.89
Flower power 0F48,PI040298AD5I210985,2018-08-30 14:14:34,-1.0,122.93,10.34,49.53
Flower power 0F48,PI040298AD5I210985,2018-08-30 14:29:34,-1.0,120.06,10.34,46.8
Flower power 0F48,PI040298AD5I210985,2018-08-30 14:44:34,-1.0,103.16,9.94,45.76
Flower power 0F48,PI040298AD5I210985,2018-08-30 14:59:34,-1.0,70.66,10.34,43.64
Flower power 0F48,PI040298AD5I210985,2018-08-30 15:14:34,-1.0,20.53,10.34,35.27
Flower power 0F48,PI040298AD5I210985,2018-08-30 15:29:34,-1.0,17.31,10.47,29.79
Flower power 0F48,PI040298AD5I210985,2018-08-30 15:44:34,-1.0,16.04,10.47,28.95
Flower power 0F48,PI040298AD5I210985,2018-08-30 15:59:34,-1.0,14.99,10.2,28.51
Flower power 0F48,PI040298AD5I210985,2018-08-30 16:14:34,-1.0,14.02,10.34,28.11
Flower power 0F48,PI040298AD5I210985,2018-08-30 16:29:34,-1.0,13.13,10.2,27.84
Flower power 0F48,PI040298AD5I210985,2018-08-30 16:44:34,-1.0,12.16,10.07,27.18
Flower power 0F48,PI040298AD5I210985,2018-08-30 16:59:34,-1.0,11.53,10.47,26.69
Flower power 0F48,PI040298AD5I210985,2018-08-30 17:14:34,-1.0,10.45,10.34,26.15
Flower power 0F48,PI040298AD5I210985,2018-08-30 17:29:34,-1.0,9.52,10.34,26.28
Flower power 0F48,PI040298AD5I210985,2018-08-30 17:44:34,-1.0,8.43,10.47,26.06
Flower power 0F48,PI040298AD5I210985,2018-08-30 17:59:34,-1.0,7.04,10.47,25.97
Flower power 0F48,PI040298AD5I210985,2018-08-30 18:14:34,-1.0,5.5,10.2,25.16
Flower power 0F48,PI040298AD5I210985,2018-08-30 18:29:34,-1.0,3.91,10.2,23.97
Flower power 0F48,PI040298AD5I210985,2018-08-30 18:44:34,-1.0,2.28,10.34,22.82
Flower power 0F48,PI040298AD5I210985,2018-08-30 18:59:34,-1.0,0.87,10.34,21.93
Flower power 0F48,PI040298AD5I210985,2018-08-30 19:14:34,-1.0,0.13,10.2,21.03
Flower power 0F48,PI040298AD5I210985,2018-08-30 19:29:34,-1.0,0.1,10.2,20.35
Flower power 0F48,PI040298AD5I210985,2018-08-30 19:44:34,-1.0,0.1,10.47,20.01
Flower power 0F48,PI040298AD5I210985,2018-08-30 19:59:34,-1.0,0.1,10.34,19.82
Flower power 0F48,PI040298AD5I210985,2018-08-30 20:14:34,-1.0,0.1,10.6,19.03
Flower power 0F48,PI040298AD5I210985,2018-08-30 20:29:34,-1.0,0.1,10.07,18.13
Flower power 0F48,PI040298AD5I210985,2018-08-30 20:44:34,-1.0,0.1,10.47,17.83
Flower power 0F48,PI040298AD5I210985,2018-08-30 20:59:34,-1.0,0.1,10.47,17.88
Flower power 0F48,PI040298AD5I210985,2018-08-30 21:14:34,-1.0,0.1,10.6,17.73
Flower power 0F48,PI040298AD5I210985,2018-08-30 21:29:34,-1.0,0.1,10.2,17.27
Flower power 0F48,PI040298AD5I210985,2018-08-30 21:44:34,-1.0,0.1,10.47,17.12
Flower power 0F48,PI040298AD5I210985,2018-08-30 21:59:34,-1.0,0.1,10.47,16.97
Flower power 0F48,PI040298AD5I210985,2018-08-30 22:14:34,-1.0,0.1,10.07,16.91
Flower power 0F48,PI040298AD5I210985,2018-08-30 22:29:34,-1.0,0.1,10.2,16.81
Flower power 0F48,PI040298AD5I210985,2018-08-30 22:44:34,-1.0,0.1,10.74,16.55
Flower power 0F48,PI040298AD5I210985,2018-08-30 22:59:34,-1.0,0.1,10.07,16.14
Flower power 0F48,PI040298AD5I210985,2018-08-30 23:14:34,-1.0,0.1,10.2,16.03
Flower power 0F48,PI040298AD5I210985,2018-08-30 23:29:34,-1.0,0.1,10.47,16.66
Flower power 0F48,PI040298AD5I210985,2018-08-30 23:44:34,-1.0,0.1,10.07,16.71
Flower power 0F48,PI040298AD5I210985,2018-08-30 23:59:34,-1.0,0.1,10.07,16.29
Flower power 0F48,PI040298AD5I210985,2018-08-31 00:14:34,-1.0,0.1,10.6,15.61
Flower power 0F48,PI040298AD5I210985,2018-08-31 00:29:34,-1.0,0.1,10.47,15.66
Flower power 0F48,PI040298AD5I210985,2018-08-31 00:44:34,-1.0,0.1,10.47,15.77
Flower power 0F48,PI040298AD5I210985,2018-08-31 00:59:34,-1.0,0.1,10.34,15.77
Flower power 0F48,PI040298AD5I210985,2018-08-31 01:14:34,-1.0,0.1,10.47,15.98
Flower power 0F48,PI040298AD5I210985,2018-08-31 01:29:34,-1.0,0.1,10.2,15.82
Flower power 0F48,PI040298AD5I210985,2018-08-31 01:44:34,-1.0,0.1,10.47,15.77
Flower power 0F48,PI040298AD5I210985,2018-08-31 01:59:34,-1.0,0.1,10.74,15.77
Flower power 0F48,PI040298AD5I210985,2018-08-31 02:14:34,-1.0,0.1,10.47,15.56
Flower power 0F48,PI040298AD5I210985,2018-08-31 02:29:34,-1.0,0.1,10.2,16.24
Flower power 0F48,PI040298AD5I210985,2018-08-31 02:44:34,-1.0,0.1,10.34,15.35
Flower power 0F48,PI040298AD5I210985,2018-08-31 02:59:34,-1.0,0.1,10.47,14.97
Flower power 0F48,PI040298AD5I210985,2018-08-31 03:14:34,-1.0,0.1,10.6,14.87
Flower power 0F48,PI040298AD5I210985,2018-08-31 03:29:34,-1.0,0.1,10.34,14.81
Flower power 0F48,PI040298AD5I210985,2018-08-31 03:44:34,-1.0,0.1,10.07,14.97
Flower power 0F48,PI040298AD5I210985,2018-08-31 03:59:34,-1.0,0.1,10.47,15.08
Flower power 0F48,PI040298AD5I210985,2018-08-31 04:14:34,-1.0,0.1,10.6,15.13
Flower power 0F48,PI040298AD5I210985,2018-08-31 04:29:34,-1.0,0.1,10.07,15.13
Flower power 0F48,PI040298AD5I210985,2018-08-31 04:44:34,-1.0,0.1,10.47,15.13
Flower power 0F48,PI040298AD5I210985,2018-08-31 04:59:34,-1.0,0.1,10.07,15.24
Flower power 0F48,PI040298AD5I210985,2018-08-31 05:14:34,-1.0,0.1,10.47,15.24
Flower power 0F48,PI040298AD5I210985,2018-08-31 05:29:34,-1.0,0.1,10.2,15.13
Flower power 0F48,PI040298AD5I210985,2018-08-31 05:44:34,-1.0,0.1,10.07,14.92
Flower power 0F48,PI040298AD5I210985,2018-08-31 05:59:34,-1.0,0.31,10.47,14.81
Flower power 0F48,PI040298AD5I210985,2018-08-31 06:14:34,-1.0,1.43,10.2,15.24
Flower power 0F48,PI040298AD5I210985,2018-08-31 06:29:34,-1.0,3.43,10.74,16.19
Flower power 0F48,PI040298AD5I210985,2018-08-31 06:44:34,-1.0,5.68,10.07,17.32
Flower power 0F48,PI040298AD5I210985,2018-08-31 06:59:34,-1.0,7.68,10.74,18.78
Flower power 0F48,PI040298AD5I210985,2018-08-31 07:14:34,-1.0,9.61,10.6,20.16
Flower power 0F48,PI040298AD5I210985,2018-08-31 07:29:34,-1.0,12.36,10.47,21.88
Flower power 0F48,PI040298AD5I210985,2018-08-31 07:44:34,-1.0,24.39,10.34,24.38
Flower power 0F48,PI040298AD5I210985,2018-08-31 07:59:34,-1.0,37.73,10.47,27.58
Flower power 0F48,PI040298AD5I210985,2018-08-31 08:14:34,-1.0,51.81,10.34,31.56
Flower power 0F48,PI040298AD5I210985,2018-08-31 08:29:34,-1.0,64.28,10.07,35.95
Flower power 0F48,PI040298AD5I210985,2018-08-31 08:44:34,-1.0,70.66,10.07,40.48
Flower power 0F48,PI040298AD5I210985,2018-08-31 08:59:34,-1.0,77.8,10.47,43.85
Flower power 0F48,PI040298AD5I210985,2018-08-31 09:14:34,-1.0,85.74,10.07,46.63
Flower power 0F48,PI040298AD5I210985,2018-08-31 09:29:34,-1.0,94.54,10.34,49.3
Flower power 0F48,PI040298AD5I210985,2018-08-31 09:44:34,-1.0,96.33,10.74,50.53
Flower power 0F48,PI040298AD5I210985,2018-08-31 09:59:34,-1.0,110.99,10.47,51.38
Flower power 0F48,PI040298AD5I210985,2018-08-31 10:14:34,-1.0,117.33,10.6,52.3
Flower power 0F48,PI040298AD5I210985,2018-08-31 10:29:34,-1.0,121.48,10.47,54.98
Flower power 0F48,PI040298AD5I210985,2018-08-31 10:44:34,-1.0,127.48,10.47,55.0
Flower power 0F48,PI040298AD5I210985,2018-08-31 10:59:34,-1.0,130.7,10.6,55.0
Flower power 0F48,PI040298AD5I210985,2018-08-31 11:14:34,-1.0,134.09,10.6,55.0
Flower power 0F48,PI040298AD5I210985,2018-08-31 11:29:34,-1.0,135.84,10.34,55.0
Flower power 0F48,PI040298AD5I210985,2018-08-31 11:44:34,-1.0,139.49,10.6,55.0
Flower power 0F48,PI040298AD5I210985,2018-08-31 11:59:34,-1.0,141.39,10.2,55.0
Flower power 0F48,PI040298AD5I210985,2018-08-31 12:14:34,-1.0,143.34,10.2,55.0
Flower power 0F48,PI040298AD5I210985,2018-08-31 12:29:34,-1.0,143.34,10.34,55.0
Flower power 0F48,PI040298AD5I210985,2018-08-31 12:44:34,-1.0,143.34,10.74,55.0
Flower power 0F48,PI040298AD5I210985,2018-08-31 12:59:34,-1.0,141.39,10.74,55.0
Flower power 0F48,PI040298AD5I210985,2018-08-31 13:14:34,-1.0,139.49,10.34,55.0
Flower power 0F48,PI040298AD5I210985,2018-08-31 13:29:34,-1.0,139.49,10.74,55.0
Flower power 0F48,PI040298AD5I210985,2018-08-31 13:44:34,-1.0,135.84,10.6,55.0
Flower power 0F48,PI040298AD5I210985,2018-08-31 13:59:34,-1.0,132.37,10.47,54.52
Flower power 0F48,PI040298AD5I210985,2018-08-31 14:14:34,-1.0,127.48,10.74,54.98
Flower power 0F48,PI040298AD5I210985,2018-08-31 14:29:34,-1.0,122.93,10.6,52.18
Flower power 0F48,PI040298AD5I210985,2018-08-31 14:44:34,-1.0,116.0,10.74,50.0
Flower power 0F48,PI040298AD5I210985,2018-08-31 14:59:34,-1.0,87.98,10.34,48.26
Flower power 0F48,PI040298AD5I210985,2018-08-31 15:14:34,-1.0,19.18,10.2,37.75
Flower power 0F48,PI040298AD5I210985,2018-08-31 15:29:34,-1.0,16.3,10.6,31.87
Flower power 0F48,PI040298AD5I210985,2018-08-31 15:44:34,-1.0,15.12,10.74,30.45
Flower power 0F48,PI040298AD5I210985,2018-08-31 15:59:34,-1.0,14.11,10.2,29.88
Flower power 0F48,PI040298AD5I210985,2018-08-31 16:14:34,-1.0,13.21,10.34,29.3
Flower power 0F48,PI040298AD5I210985,2018-08-31 16:29:34,-1.0,12.35,10.47,28.82
Flower power 0F48,PI040298AD5I210985,2018-08-31 16:44:34,-1.0,11.69,10.34,28.69
Flower power 0F48,PI040298AD5I210985,2018-08-31 16:59:34,-1.0,10.95,10.87,28.42
Flower power 0F48,PI040298AD5I210985,2018-08-31 17:14:34,-1.0,10.19,10.34,28.11
Flower power 0F48,PI040298AD5I210985,2018-08-31 17:29:34,-1.0,9.27,10.6,27.89
Flower power 0F48,PI040298AD5I210985,2018-08-31 17:44:34,-1.0,8.21,10.6,27.27
Flower power 0F48,PI040298AD5I210985,2018-08-31 17:59:34,-1.0,7.08,10.47,26.6
Flower power 0F48,PI040298AD5I210985,2018-08-31 18:14:34,-1.0,5.73,10.34,26.06
Flower power 0F48,PI040298AD5I210985,2018-08-31 18:29:34,-1.0,4.1,10.34,25.7
Flower power 0F48,PI040298AD5I210985,2018-08-31 18:44:34,-1.0,2.31,10.34,24.61
Flower power 0F48,PI040298AD5I210985,2018-08-31 18:59:34,-1.0,0.82,10.34,22.68
Flower power 0F48,PI040298AD5I210985,2018-08-31 19:14:34,-1.0,0.1,10.74,22.21
Flower power 0F48,PI040298AD5I210985,2018-08-31 19:29:34,-1.0,0.1,10.47,21.5
Flower power 0F48,PI040298AD5I210985,2018-08-31 19:44:34,-1.0,0.1,10.34,21.17
Flower power 0F48,PI040298AD5I210985,2018-08-31 19:59:34,-1.0,0.1,10.74,21.31
Flower power 0F48,PI040298AD5I210985,2018-08-31 20:14:34,-1.0,0.1,10.2,20.64
Flower power 0F48,PI040298AD5I210985,2018-08-31 20:29:34,-1.0,0.1,10.6,20.3
Flower power 0F48,PI040298AD5I210985,2018-08-31 20:44:34,-1.0,0.1,10.34,20.55
Flower power 0F48,PI040298AD5I210985,2018-08-31 20:59:34,-1.0,0.1,10.2,20.11
Flower power 0F48,PI040298AD5I210985,2018-08-31 21:14:34,-1.0,0.1,10.47,19.77
Flower power 0F48,PI040298AD5I210985,2018-08-31 21:29:34,-1.0,0.1,10.47,19.57
Flower power 0F48,PI040298AD5I210985,2018-08-31 21:44:34,-1.0,0.1,10.2,18.74
Flower power 0F48,PI040298AD5I210985,2018-08-31 21:59:34,-1.0,0.1,10.47,18.39
Flower power 0F48,PI040298AD5I210985,2018-08-31 22:14:34,-1.0,0.1,10.07,17.88
Flower power 0F48,PI040298AD5I210985,2018-08-31 22:29:34,-1.0,0.1,10.07,17.38
Flower power 0F48,PI040298AD5I210985,2018-08-31 22:44:34,-1.0,0.1,10.34,17.07
Flower power 0F48,PI040298AD5I210985,2018-08-31 22:59:34,-1.0,0.1,10.34,16.71
Flower power 0F48,PI040298AD5I210985,2018-08-31 23:14:34,-1.0,0.1,10.6,16.45
Flower power 0F48,PI040298AD5I210985,2018-08-31 23:29:34,-1.0,0.1,10.34,16.19
Flower power 0F48,PI040298AD5I210985,2018-08-31 23:44:34,-1.0,0.1,10.34,16.03
Flower power 0F48,PI040298AD5I210985,2018-08-31 23:59:34,-1.0,0.1,10.2,15.82
Flower power 0F48,PI040298AD5I210985,2018-09-01 00:14:34,-1.0,0.1,10.47,15.72
Flower power 0F48,PI040298AD5I210985,2018-09-01 00:29:34,-1.0,0.1,10.6,15.82
Flower power 0F48,PI040298AD5I210985,2018-09-01 00:44:34,-1.0,0.1,10.47,15.72
Flower power 0F48,PI040298AD5I210985,2018-09-01 00:59:34,-1.0,0.1,10.34,15.72
Flower power 0F48,PI040298AD5I210985,2018-09-01 01:14:34,-1.0,0.1,10.47,16.08
Flower power 0F48,PI040298AD5I210985,2018-09-01 01:29:34,-1.0,0.1,9.94,16.03
Flower power 0F48,PI040298AD5I210985,2018-09-01 01:44:34,-1.0,0.1,10.47,16.24
Flower power 0F48,PI040298AD5I210985,2018-09-01 01:59:34,-1.0,0.1,10.34,16.29
Flower power 0F48,PI040298AD5I210985,2018-09-01 02:14:34,-1.0,0.1,10.34,17.02
Flower power 0F48,PI040298AD5I210985,2018-09-01 02:29:34,-1.0,0.1,10.47,16.45
Flower power 0F48,PI040298AD5I210985,2018-09-01 02:44:34,-1.0,0.1,10.2,16.24
Flower power 0F48,PI040298AD5I210985,2018-09-01 02:59:34,-1.0,0.1,10.2,16.4
Flower power 0F48,PI040298AD5I210985,2018-09-01 03:14:34,-1.0,0.1,10.34,16.45
Flower power 0F48,PI040298AD5I210985,2018-09-01 03:29:34,-1.0,0.1,10.47,16.45
Flower power 0F48,PI040298AD5I210985,2018-09-01 03:44:34,-1.0,0.1,10.07,16.34
Flower power 0F48,PI040298AD5I210985,2018-09-01 03:59:34,-1.0,0.1,10.6,16.34
Flower power 0F48,PI040298AD5I210985,2018-09-01 04:14:34,-1.0,0.1,10.6,16.34
Flower power 0F48,PI040298AD5I210985,2018-09-01 04:29:34,-1.0,0.1,10.34,16.29
Flower power 0F48,PI040298AD5I210985,2018-09-01 04:44:34,-1.0,0.1,10.47,16.19
Flower power 0F48,PI040298AD5I210985,2018-09-01 04:59:34,-1.0,0.1,10.47,16.03
Flower power 0F48,PI040298AD5I210985,2018-09-01 05:14:34,-1.0,0.1,10.47,15.72
Flower power 0F48,PI040298AD5I210985,2018-09-01 05:29:34,-1.0,0.1,10.74,15.56
Flower power 0F48,PI040298AD5I210985,2018-09-01 05:44:34,-1.0,0.1,10.47,15.5
Flower power 0F48,PI040298AD5I210985,2018-09-01 05:59:34,-1.0,0.28,10.2,15.35
Flower power 0F48,PI040298AD5I210985,2018-09-01 06:14:34,-1.0,1.33,10.34,15.56
Flower power 0F48,PI040298AD5I210985,2018-09-01 06:29:34,-1.0,3.17,10.34,16.4
Flower power 0F48,PI040298AD5I210985,2018-09-01 06:44:34,-1.0,5.15,10.34,17.98
Flower power 0F48,PI040298AD5I210985,2018-09-01 06:59:34,-1.0,6.92,9.94,19.23
Flower power 0F48,PI040298AD5I210985,2018-09-01 07:14:34,-1.0,8.52,10.07,20.69
Flower power 0F48,PI040298AD5I210985,2018-09-01 07:29:34,-1.0,11.06,10.34,22.96
Flower power 0F48,PI040298AD5I210985,2018-09-01 07:44:34,-1.0,20.4,10.34,25.88
Flower power 0F48,PI040298AD5I210985,2018-09-01 07:59:34,-1.0,32.94,10.2,29.0
Flower power 0F48,PI040298AD5I210985,2018-09-01 08:14:34,-1.0,50.73,10.47,31.96
Flower power 0F48,PI040298AD5I210985,2018-09-01 08:29:34,-1.0,63.87,10.34,36.13
Flower power 0F48,PI040298AD5I210985,2018-09-01 08:44:34,-1.0,70.66,10.6,39.89
Flower power 0F48,PI040298AD5I210985,2018-09-01 08:59:34,-1.0,77.8,10.47,42.57
Flower power 0F48,PI040298AD5I210985,2018-09-01 09:14:34,-1.0,85.74,10.47,44.9
Flower power 0F48,PI040298AD5I210985,2018-09-01 09:29:34,-1.0,94.54,10.34,45.6
Flower power 0F48,PI040298AD5I210985,2018-09-01 09:44:34,-1.0,102.12,10.47,46.41
Flower power 0F48,PI040298AD5I210985,2018-09-01 09:59:34,-1.0,110.99,10.34,47.41
Flower power 0F48,PI040298AD5I210985,2018-09-01 10:14:34,-1.0,117.33,10.2,48.26
Flower power 0F48,PI040298AD5I210985,2018-09-01 10:29:34,-1.0,121.48,10.6,50.41
Flower power 0F48,PI040298AD5I210985,2018-09-01 10:44:34,-1.0,125.93,10.34,51.87
Flower power 0F48,PI040298AD5I210985,2018-09-01 10:59:34,-1.0,130.7,10.47,50.89
Flower power 0F48,PI040298AD5I210985,2018-09-01 11:14:34,-1.0,134.09,10.34,51.81
Flower power 0F48,PI040298AD5I210985,2018-09-01 11:29:34,-1.0,135.84,10.6,53.49
Flower power 0F48,PI040298AD5I210985,2018-09-01 11:44:34,-1.0,139.49,10.47,53.81
Flower power 0F48,PI040298AD5I210985,2018-09-01 11:59:34,-1.0,141.39,10.34,54.39
Flower power 0F48,PI040298AD5I210985,2018-09-01 12:14:34,-1.0,143.34,10.34,54.14
Flower power 0F48,PI040298AD5I210985,2018-09-01 12:29:34,-1.0,143.34,10.34,54.65
Flower power 0F48,PI040298AD5I210985,2018-09-01 12:44:34,-1.0,143.34,10.34,54.72
Flower power 0F48,PI040298AD5I210985,2018-09-01 12:59:34,-1.0,141.39,10.2,54.07
Flower power 0F48,PI040298AD5I210985,2018-09-01 13:14:34,-1.0,139.49,10.07,53.24
Flower power 0F48,PI040298AD5I210985,2018-09-01 13:29:34,-1.0,137.64,10.47,52.8
Flower power 0F48,PI040298AD5I210985,2018-09-01 13:44:34,-1.0,134.09,10.47,51.32
Flower power 0F48,PI040298AD5I210985,2018-09-01 13:59:34,-1.0,132.37,10.34,50.77
Flower power 0F48,PI040298AD5I210985,2018-09-01 14:14:34,-1.0,125.93,10.34,50.18
Flower power 0F48,PI040298AD5I210985,2018-09-01 14:29:34,-1.0,120.06,10.47,48.72
Flower power 0F48,PI040298AD5I210985,2018-09-01 14:44:34,-1.0,114.71,10.07,47.08
Flower power 0F48,PI040298AD5I210985,2018-09-01 14:59:34,-1.0,96.33,10.07,44.22
Flower power 0F48,PI040298AD5I210985,2018-09-01 15:14:34,-1.0,23.89,10.47,36.09
Flower power 0F48,PI040298AD5I210985,2018-09-01 15:29:34,-1.0,21.58,10.2,31.56
Flower power 0F48,PI040298AD5I210985,2018-09-01 15:44:34,-1.0,19.83,10.07,29.97
Flower power 0F48,PI040298AD5I210985,2018-09-01 15:59:34,-1.0,18.38,10.2,29.53
Flower power 0F48,PI040298AD5I210985,2018-09-01 16:14:34,-1.0,16.59,10.2,28.82
Flower power 0F48,PI040298AD5I210985,2018-09-01 16:29:34,-1.0,15.09,10.6,28.15
Flower power 0F48,PI040298AD5I210985,2018-09-01 16:44:34,-1.0,13.94,10.34,27.8
Flower power 0F48,PI040298AD5I210985,2018-09-01 16:59:34,-1.0,12.8,10.6,27.36
Flower power 0F48,PI040298AD5I210985,2018-09-01 17:14:34,-1.0,11.75,10.34,27.04
Flower power 0F48,PI040298AD5I210985,2018-09-01 17:29:34,-1.0,10.92,10.07,26.64
Flower power 0F48,PI040298AD5I210985,2018-09-01 17:44:34,-1.0,9.65,10.07,26.33
Flower power 0F48,PI040298AD5I210985,2018-09-01 17:59:34,-1.0,8.15,10.2,25.83
Flower power 0F48,PI040298AD5I210985,2018-09-01 18:14:34,-1.0,6.2,10.34,25.29
Flower power 0F48,PI040298AD5I210985,2018-09-01 18:29:34,-1.0,4.04,10.47,24.7
Flower power 0F48,PI040298AD5I210985,2018-09-01 18:44:34,-1.0,2.06,10.2,23.88
Flower power 0F48,PI040298AD5I210985,2018-09-01 18:59:34,-1.0,0.66,10.2,22.77
Flower power 0F48,PI040298AD5I210985,2018-09-01 19:14:34,-1.0,0.1,10.2,21.74
Flower power 0F48,PI040298AD5I210985,2018-09-01 19:29:34,-1.0,0.1,10.34,20.88
Flower power 0F48,PI040298AD5I210985,2018-09-01 19:44:34,-1.0,0.1,10.47,20.5
Flower power 0F48,PI040298AD5I210985,2018-09-01 19:59:34,-1.0,0.1,10.34,19.77
Flower power 0F48,PI040298AD5I210985,2018-09-01 20:14:34,-1.0,0.1,9.94,19.92
Flower power 0F48,PI040298AD5I210985,2018-09-01 20:29:34,-1.0,0.1,10.34,19.28
Flower power 0F48,PI040298AD5I210985,2018-09-01 20:44:34,-1.0,0.1,10.47,19.23
Flower power 0F48,PI040298AD5I210985,2018-09-01 20:59:34,-1.0,0.1,10.47,18.88
Flower power 0F48,PI040298AD5I210985,2018-09-01 21:14:34,-1.0,0.1,9.94,19.13
Flower power 0F48,PI040298AD5I210985,2018-09-01 21:29:34,-1.0,0.1,10.47,18.49
Flower power 0F48,PI040298AD5I210985,2018-09-01 21:44:34,-1.0,0.1,10.2,18.29
Flower power 0F48,PI040298AD5I210985,2018-09-01 21:59:34,-1.0,0.1,10.6,18.93
Flower power 0F48,PI040298AD5I210985,2018-09-01 22:14:34,-1.0,0.1,10.2,18.29
Flower power 0F48,PI040298AD5I210985,2018-09-01 22:29:34,-1.0,0.1,10.34,18.03
Flower power 0F48,PI040298AD5I210985,2018-09-01 22:44:34,-1.0,0.1,10.6,18.19
Flower power 0F48,PI040298AD5I210985,2018-09-01 22:59:34,-1.0,0.1,10.07,18.13
Flower power 0F48,PI040298AD5I210985,2018-09-01 23:14:34,-1.0,0.1,10.07,17.83
Flower power 0F48,PI040298AD5I210985,2018-09-01 23:29:34,-1.0,0.1,9.94,17.78
Flower power 0F48,PI040298AD5I210985,2018-09-01 23:44:34,-1.0,0.1,9.94,17.73
Flower power 0F48,PI040298AD5I210985,2018-09-01 23:59:34,-1.0,0.1,10.34,17.48
Flower power 0F48,PI040298AD5I210985,2018-09-02 00:14:34,-1.0,0.1,10.6,17.43
Flower power 0F48,PI040298AD5I210985,2018-09-02 00:29:34,-1.0,0.1,10.47,17.38
Flower power 0F48,PI040298AD5I210985,2018-09-02 00:44:34,-1.0,0.1,10.34,17.22
Flower power 0F48,PI040298AD5I210985,2018-09-02 00:59:34,-1.0,0.1,10.2,17.22
Flower power 0F48,PI040298AD5I210985,2018-09-02 01:14:34,-1.0,0.1,10.6,17.27
Flower power 0F48,PI040298AD5I210985,2018-09-02 01:29:34,-1.0,0.1,10.07,17.12
Flower power 0F48,PI040298AD5I210985,2018-09-02 01:44:34,-1.0,0.1,10.34,16.97
Flower power 0F48,PI040298AD5I210985,2018-09-02 01:59:34,-1.0,0.1,10.6,16.81
Flower power 0F48,PI040298AD5I210985,2018-09-02 02:14:34,-1.0,0.1,9.94,16.81
Flower power 0F48,PI040298AD5I210985,2018-09-02 02:29:34,-1.0,0.1,10.34,17.12
Flower power 0F48,PI040298AD5I210985,2018-09-02 02:44:34,-1.0,0.1,10.07,17.43
Flower power 0F48,PI040298AD5I210985,2018-09-02 02:59:34,-1.0,0.1,10.47,17.17
Flower power 0F48,PI040298AD5I210985,2018-09-02 03:14:34,-1.0,0.1,10.47,17.12
Flower power 0F48,PI040298AD5I210985,2018-09-02 03:29:34,-1.0,0.1,10.6,17.63
Flower power 0F48,PI040298AD5I210985,2018-09-02 03:44:34,-1.0,0.1,10.47,17.07
Flower power 0F48,PI040298AD5I210985,2018-09-02 03:59:34,-1.0,0.1,10.07,16.97
Flower power 0F48,PI040298AD5I210985,2018-09-02 04:14:34,-1.0,0.1,10.07,17.63
Flower power 0F48,PI040298AD5I210985,2018-09-02 04:29:34,-1.0,0.1,9.94,19.53
Flower power 0F48,PI040298AD5I210985,2018-09-02 04:44:34,-1.0,0.1,9.94,18.49
Flower power 0F48,PI040298AD5I210985,2018-09-02 04:59:34,-1.0,0.1,10.2,17.43
Flower power 0F48,PI040298AD5I210985,2018-09-02 05:14:34,-1.0,0.1,10.2,17.02
Flower power 0F48,PI040298AD5I210985,2018-09-02 05:29:34,-1.0,0.1,10.2,16.91
Flower power 0F48,PI040298AD5I210985,2018-09-02 05:44:34,-1.0,0.1,10.07,16.81
Flower power 0F48,PI040298AD5I210985,2018-09-02 05:59:34,-1.0,0.22,10.34,17.12
Flower power 0F48,PI040298AD5I210985,2018-09-02 06:14:34,-1.0,1.13,10.07,17.27
Flower power 0F48,PI040298AD5I210985,2018-09-02 06:29:34,-1.0,2.95,10.07,18.19
Flower power 0F48,PI040298AD5I210985,2018-09-02 06:44:34,-1.0,5.44,10.2,19.23
Flower power 0F48,PI040298AD5I210985,2018-09-02 06:59:34,-1.0,8.35,9.94,20.83
Flower power 0F48,PI040298AD5I210985,2018-09-02 07:14:34,-1.0,11.13,10.34,21.79
Flower power 0F48,PI040298AD5I210985,2018-09-02 07:29:34,-1.0,14.54,9.94,23.1
Flower power 0F48,PI040298AD5I210985,2018-09-02 07:44:34,-1.0,20.09,10.07,24.89
Flower power 0F48,PI040298AD5I210985,2018-09-02 07:59:34,-1.0,30.04,10.47,27.13
Flower power 0F48,PI040298AD5I210985,2018-09-02 08:14:34,-1.0,35.77,10.47,30.19
Flower power 0F48,PI040298AD5I210985,2018-09-02 08:29:34,-1.0,51.0,10.07,33.56
Flower power 0F48,PI040298AD5I210985,2018-09-02 08:44:34,-1.0,61.88,10.47,36.96
Flower power 0F48,PI040298AD5I210985,2018-09-02 08:59:34,-1.0,70.17,10.34,39.8
Flower power 0F48,PI040298AD5I210985,2018-09-02 09:14:34,-1.0,79.02,10.34,42.11
Flower power 0F48,PI040298AD5I210985,2018-09-02 09:29:34,-1.0,90.33,10.07,44.27
Flower power 0F48,PI040298AD5I210985,2018-09-02 09:44:34,-1.0,107.49,10.2,45.65
Flower power 0F48,PI040298AD5I210985,2018-09-02 09:59:34,-1.0,104.21,10.07,46.2
Flower power 0F48,PI040298AD5I210985,2018-09-02 10:14:34,-1.0,108.63,10.07,46.74
Flower power 0F48,PI040298AD5I210985,2018-09-02 10:29:34,-1.0,92.81,10.6,44.27
Flower power 0F48,PI040298AD5I210985,2018-09-02 10:44:34,-1.0,66.87,10.2,40.97
Flower power 0F48,PI040298AD5I210985,2018-09-02 10:59:34,-1.0,62.27,9.94,44.32
Flower power 0F48,PI040298AD5I210985,2018-09-02 11:14:34,-1.0,52.92,9.94,39.08
Flower power 0F48,PI040298AD5I210985,2018-09-02 11:29:34,-1.0,48.72,10.47,36.69
Flower power 0F48,PI040298AD5I210985,2018-09-02 11:44:34,-1.0,40.93,10.2,34.54
Flower power 0F48,PI040298AD5I210985,2018-09-02 11:59:34,-1.0,41.46,10.6,33.65
Flower power 0F48,PI040298AD5I210985,2018-09-02 12:14:34,-1.0,41.99,10.07,33.42
Flower power 0F48,PI040298AD5I210985,2018-09-02 12:29:34,-1.0,39.27,10.47,34.1
Flower power 0F48,PI040298AD5I210985,2018-09-02 12:44:34,-1.0,40.93,10.47,33.11
Flower power 0F48,PI040298AD5I210985,2018-09-02 12:59:34,-1.0,79.64,10.34,37.29
Flower power 0F48,PI040298AD5I210985,2018-09-02 13:14:34,-1.0,89.53,10.47,40.28
Flower power 0F48,PI040298AD5I210985,2018-09-02 13:29:34,-1.0,94.54,10.34,41.41
Flower power 0F48,PI040298AD5I210985,2018-09-02 13:44:34,-1.0,64.28,10.34,41.36
Flower power 0F48,PI040298AD5I210985,2018-09-02 13:59:34,-1.0,108.63,10.34,47.64
Flower power 0F48,PI040298AD5I210985,2018-09-02 14:14:34,-1.0,127.48,10.2,45.28
Flower power 0F48,PI040298AD5I210985,2018-09-02 14:29:34,-1.0,121.48,10.2,44.85
Flower power 0F48,PI040298AD5I210985,2018-09-02 14:44:34,-1.0,104.21,10.34,44.64
Flower power 0F48,PI040298AD5I210985,2018-09-02 14:59:34,-1.0,44.49,10.34,42.21
Flower power 0F48,PI040298AD5I210985,2018-09-02 15:14:34,-1.0,33.4,10.07,35.77
Flower power 0F48,PI040298AD5I210985,2018-09-02 15:29:34,-1.0,28.59,10.47,31.47
Flower power 0F48,PI040298AD5I210985,2018-09-02 15:44:34,-1.0,23.41,10.34,29.66
Flower power 0F48,PI040298AD5I210985,2018-09-02 15:59:34,-1.0,22.9,10.47,29.26
Flower power 0F48,PI040298AD5I210985,2018-09-02 16:14:34,-1.0,21.78,10.6,28.77
Flower power 0F48,PI040298AD5I210985,2018-09-02 16:29:34,-1.0,23.89,10.2,29.0
Flower power 0F48,PI040298AD5I210985,2018-09-02 16:44:34,-1.0,25.72,10.2,29.48
Flower power 0F48,PI040298AD5I210985,2018-09-02 16:59:34,-1.0,15.69,10.2,27.76
Flower power 0F48,PI040298AD5I210985,2018-09-02 17:14:34,-1.0,14.31,10.6,26.6
Flower power 0F48,PI040298AD5I210985,2018-09-02 17:29:34,-1.0,12.8,10.47,25.74
Flower power 0F48,PI040298AD5I210985,2018-09-02 17:44:34,-1.0,10.26,10.2,25.11
Flower power 0F48,PI040298AD5I210985,2018-09-02 17:59:34,-1.0,7.44,9.94,24.38
Flower power 0F48,PI040298AD5I210985,2018-09-02 18:14:34,-1.0,4.84,9.94,23.74
Flower power 0F48,PI040298AD5I210985,2018-09-02 18:29:34,-1.0,2.6,10.07,22.68
Flower power 0F48,PI040298AD5I210985,2018-09-02 18:44:34,-1.0,1.54,9.94,22.02
Flower power 0F48,PI040298AD5I210985,2018-09-02 18:59:34,-1.0,0.48,9.94,21.26
Flower power 0F48,PI040298AD5I210985,2018-09-02 19:14:34,-1.0,0.1,10.07,20.5
Flower power 0F48,PI040298AD5I210985,2018-09-02 19:29:34,-1.0,0.1,10.2,19.82
Flower power 0F48,PI040298AD5I210985,2018-09-02 19:44:34,-1.0,0.1,9.94,19.87
Flower power 0F48,PI040298AD5I210985,2018-09-02 19:59:34,-1.0,0.1,10.34,19.33
Flower power 0F48,PI040298AD5I210985,2018-09-02 20:14:34,-1.0,0.1,10.47,18.98
Flower power 0F48,PI040298AD5I210985,2018-09-02 20:29:34,-1.0,0.1,10.07,18.78
Flower power 0F48,PI040298AD5I210985,2018-09-02 20:44:34,-1.0,0.1,10.6,18.98
Flower power 0F48,PI040298AD5I210985,2018-09-02 20:59:34,-1.0,0.1,10.07,18.69
Flower power 0F48,PI040298AD5I210985,2018-09-02 21:14:34,-1.0,0.1,10.34,18.88
Flower power 0F48,PI040298AD5I210985,2018-09-02 21:29:34,-1.0,0.1,10.2,18.93
Flower power 0F48,PI040298AD5I210985,2018-09-02 21:44:34,-1.0,0.1,10.2,18.88
Flower power 0F48,PI040298AD5I210985,2018-09-02 21:59:34,-1.0,0.1,10.34,18.78
Flower power 0F48,PI040298AD5I210985,2018-09-02 22:14:34,-1.0,0.1,10.2,19.23
Flower power 0F48,PI040298AD5I210985,2018-09-02 22:29:34,-1.0,0.1,10.2,20.01
Flower power 0F48,PI040298AD5I210985,2018-09-02 22:44:34,-1.0,0.1,10.47,20.45
Flower power 0F48,PI040298AD5I210985,2018-09-02 22:59:34,-1.0,0.1,10.2,20.59
Flower power 0F48,PI040298AD5I210985,2018-09-02 23:14:34,-1.0,0.1,10.2,20.55
Flower power 0F48,PI040298AD5I210985,2018-09-02 23:29:34,-1.0,0.1,10.34,20.5
Flower power 0F48,PI040298AD5I210985,2018-09-02 23:44:34,-1.0,0.1,10.2,20.55
Flower power 0F48,PI040298AD5I210985,2018-09-02 23:59:34,-1.0,0.1,10.47,20.79
Flower power 0F48,PI040298AD5I210985,2018-09-03 00:14:34,-1.0,0.1,9.94,20.88
Flower power 0F48,PI040298AD5I210985,2018-09-03 00:29:34,-1.0,0.1,10.07,20.83
Flower power 0F48,PI040298AD5I210985,2018-09-03 00:44:34,-1.0,0.1,9.94,20.88
Flower power 0F48,PI040298AD5I210985,2018-09-03 00:59:34,-1.0,0.1,10.34,20.88
Flower power 0F48,PI040298AD5I210985,2018-09-03 01:14:34,-1.0,0.1,10.6,20.83
Flower power 0F48,PI040298AD5I210985,2018-09-03 01:29:34,-1.0,0.1,10.2,20.79
Flower power 0F48,PI040298AD5I210985,2018-09-03 01:44:34,-1.0,0.1,10.6,20.79
Flower power 0F48,PI040298AD5I210985,2018-09-03 01:59:34,-1.0,0.1,10.07,20.74
Flower power 0F48,PI040298AD5I210985,2018-09-03 02:14:34,-1.0,0.1,10.34,20.74
Flower power 0F48,PI040298AD5I210985,2018-09-03 02:29:34,-1.0,0.1,10.2,20.64
Flower power 0F48,PI040298AD5I210985,2018-09-03 02:44:34,-1.0,0.1,10.47,20.64
Flower power 0F48,PI040298AD5I210985,2018-09-03 02:59:34,-1.0,0.1,10.34,20.64
Flower power 0F48,PI040298AD5I210985,2018-09-03 03:14:34,-1.0,0.1,10.47,20.55
Flower power 0F48,PI040298AD5I210985,2018-09-03 03:29:34,-1.0,0.1,9.94,20.55
Flower power 0F48,PI040298AD5I210985,2018-09-03 03:44:34,-1.0,0.1,10.2,20.55
Flower power 0F48,PI040298AD5I210985,2018-09-03 03:59:34,-1.0,0.1,10.34,20.45
Flower power 0F48,PI040298AD5I210985,2018-09-03 04:14:34,-1.0,0.1,10.2,20.4
Flower power 0F48,PI040298AD5I210985,2018-09-03 04:29:34,-1.0,0.1,10.2,20.4
Flower power 0F48,PI040298AD5I210985,2018-09-03 04:44:34,-1.0,0.1,10.2,20.35
Flower power 0F48,PI040298AD5I210985,2018-09-03 04:59:34,-1.0,0.1,10.07,20.3
Flower power 0F48,PI040298AD5I210985,2018-09-03 05:14:34,-1.0,0.1,10.07,20.3
Flower power 0F48,PI040298AD5I210985,2018-09-03 05:29:34,-1.0,0.1,10.07,20.3
Flower power 0F48,PI040298AD5I210985,2018-09-03 05:44:34,-1.0,0.1,10.07,20.26
Flower power 0F48,PI040298AD5I210985,2018-09-03 05:59:34,-1.0,0.1,10.34,20.26
Flower power 0F48,PI040298AD5I210985,2018-09-03 06:14:34,-1.0,0.34,10.34,20.3
Flower power 0F48,PI040298AD5I210985,2018-09-03 06:29:34,-1.0,0.91,9.94,20.45
Flower power 0F48,PI040298AD5I210985,2018-09-03 06:44:34,-1.0,2.28,10.47,20.83
Flower power 0F48,PI040298AD5I210985,2018-09-03 06:59:34,-1.0,3.13,10.07,21.31
Flower power 0F48,PI040298AD5I210985,2018-09-03 07:14:34,-1.0,8.45,10.2,21.64
Flower power 0F48,PI040298AD5I210985,2018-09-03 07:29:34,-1.0,9.99,10.07,23.05
Flower power 0F48,PI040298AD5I210985,2018-09-03 07:44:34,-1.0,14.52,10.2,24.02
Flower power 0F48,PI040298AD5I210985,2018-09-03 07:59:34,-1.0,16.42,9.94,24.75
Flower power 0F48,PI040298AD5I210985,2018-09-03 08:14:34,-1.0,19.87,9.8,25.56
Flower power 0F48,PI040298AD5I210985,2018-09-03 08:29:34,-1.0,21.53,9.94,25.97
Flower power 0F48,PI040298AD5I210985,2018-09-03 08:44:34,-1.0,30.04,10.34,28.29
Flower power 0F48,PI040298AD5I210985,2018-09-03 08:59:34,-1.0,33.88,9.94,29.61
Flower power 0F48,PI040298AD5I210985,2018-09-03 09:14:34,-1.0,39.27,10.47,29.66
Flower power 0F48,PI040298AD5I210985,2018-09-03 09:29:34,-1.0,38.95,9.94,31.56
Flower power 0F48,PI040298AD5I210985,2018-09-03 09:44:34,-1.0,36.45,10.07,31.2
Flower power 0F48,PI040298AD5I210985,2018-09-03 09:59:34,-1.0,49.71,9.94,32.36
Flower power 0F48,PI040298AD5I210985,2018-09-03 10:14:34,-1.0,137.64,10.2,37.99
Flower power 0F48,PI040298AD5I210985,2018-09-03 10:29:34,-1.0,48.0,10.07,42.16
Flower power 0F48,PI040298AD5I210985,2018-09-03 10:44:34,-1.0,141.39,9.8,49.82
Flower power 0F48,PI040298AD5I210985,2018-09-03 10:59:34,-1.0,130.7,10.07,55.0
Flower power 0F48,PI040298AD5I210985,2018-09-03 11:14:34,-1.0,141.39,10.2,55.0
Flower power 0F48,PI040298AD5I210985,2018-09-03 11:29:34,-1.0,137.64,9.94,54.26
Flower power 0F48,PI040298AD5I210985,2018-09-03 11:44:34,-1.0,141.39,10.2,54.14
Flower power 0F48,PI040298AD5I210985,2018-09-03 11:59:34,-1.0,141.39,10.07,55.0
Flower power 0F48,PI040298AD5I210985,2018-09-03 12:14:34,-1.0,143.34,10.07,52.86
Flower power 0F48,PI040298AD5I210985,2018-09-03 12:29:34,-1.0,143.34,10.07,55.0
Flower power 0F48,PI040298AD5I210985,2018-09-03 12:44:34,-1.0,147.4,9.94,55.0
Flower power 0F48,PI040298AD5I210985,2018-09-03 12:59:34,-1.0,145.34,10.07,55.0
Flower power 0F48,PI040298AD5I210985,2018-09-03 13:14:34,-1.0,143.34,10.07,54.98
Flower power 0F48,PI040298AD5I210985,2018-09-03 13:29:34,-1.0,143.34,10.2,53.3
Flower power 0F48,PI040298AD5I210985,2018-09-03 13:44:34,-1.0,153.92,10.34,52.99
Flower power 0F48,PI040298AD5I210985,2018-09-03 13:59:34,-1.0,135.84,10.07,49.82
Flower power 0F48,PI040298AD5I210985,2018-09-03 14:14:34,-1.0,129.07,10.47,50.12
Flower power 0F48,PI040298AD5I210985,2018-09-03 14:29:34,-1.0,69.68,10.47,49.0
Flower power 0F48,PI040298AD5I210985,2018-09-03 14:44:34,-1.0,52.36,10.07,41.71
Flower power 0F48,PI040298AD5I210985,2018-09-03 14:59:34,-1.0,83.61,10.07,44.32
Flower power 0F48,PI040298AD5I210985,2018-09-03 15:14:34,-1.0,20.49,10.47,32.53
Flower power 0F48,PI040298AD5I210985,2018-09-03 15:29:34,-1.0,16.71,10.2,28.6
Flower power 0F48,PI040298AD5I210985,2018-09-03 15:44:34,-1.0,15.53,10.07,26.95
Flower power 0F48,PI040298AD5I210985,2018-09-03 15:59:34,-1.0,13.54,10.07,26.01
Flower power 0F48,PI040298AD5I210985,2018-09-03 16:14:34,-1.0,12.55,10.34,25.7
Flower power 0F48,PI040298AD5I210985,2018-09-03 16:29:34,-1.0,12.85,10.6,25.38
Flower power 0F48,PI040298AD5I210985,2018-09-03 16:44:34,-1.0,17.61,9.94,26.15
Flower power 0F48,PI040298AD5I210985,2018-09-03 16:59:34,-1.0,14.97,10.2,25.43
Flower power 0F48,PI040298AD5I210985,2018-09-03 17:14:34,-1.0,17.18,10.34,27.22
Flower power 0F48,PI040298AD5I210985,2018-09-03 17:29:34,-1.0,12.33,10.34,26.78
Flower power 0F48,PI040298AD5I210985,2018-09-03 17:44:34,-1.0,7.08,10.07,25.61
Flower power 0F48,PI040298AD5I210985,2018-09-03 17:59:34,-1.0,6.0,10.34,25.11
Flower power 0F48,PI040298AD5I210985,2018-09-03 18:14:34,-1.0,4.26,10.2,24.29
Flower power 0F48,PI040298AD5I210985,2018-09-03 18:29:34,-1.0,2.41,10.47,24.02
Flower power 0F48,PI040298AD5I210985,2018-09-03 18:44:34,-1.0,1.29,10.07,23.56
Flower power 0F48,PI040298AD5I210985,2018-09-03 18:59:34,-1.0,0.55,10.47,21.31
Flower power 0F48,PI040298AD5I210985,2018-09-03 19:14:34,-1.0,0.1,10.2,19.43
Flower power 0F48,PI040298AD5I210985,2018-09-03 19:29:34,-1.0,0.1,10.34,18.08
Flower power 0F48,PI040298AD5I210985,2018-09-03 19:44:34,-1.0,0.1,10.34,16.76
Flower power 0F48,PI040298AD5I210985,2018-09-03 19:59:34,-1.0,0.1,10.47,15.77
Flower power 0F48,PI040298AD5I210985,2018-09-03 20:14:34,-1.0,0.1,10.2,15.4
Flower power 0F48,PI040298AD5I210985,2018-09-03 20:29:34,-1.0,0.1,9.8,15.19
Flower power 0F48,PI040298AD5I210985,2018-09-03 20:44:34,-1.0,0.1,9.8,15.03
Flower power 0F48,PI040298AD5I210985,2018-09-03 20:59:34,-1.0,0.1,10.34,15.03
Flower power 0F48,PI040298AD5I210985,2018-09-03 21:14:34,-1.0,0.1,10.34,14.87
Flower power 0F48,PI040298AD5I210985,2018-09-03 21:29:34,-1.0,0.1,10.2,14.81
Flower power 0F48,PI040298AD5I210985,2018-09-03 21:44:34,-1.0,0.1,10.47,14.65
Flower power 0F48,PI040298AD5I210985,2018-09-03 21:59:34,-1.0,0.1,10.34,14.43
Flower power 0F48,PI040298AD5I210985,2018-09-03 22:14:34,-1.0,0.1,10.2,14.43
Flower power 0F48,PI040298AD5I210985,2018-09-03 22:29:34,-1.0,0.1,9.94,14.16
Flower power 0F48,PI040298AD5I210985,2018-09-03 22:44:34,-1.0,0.1,10.47,14.16
Flower power 0F48,PI040298AD5I210985,2018-09-03 22:59:34,-1.0,0.1,9.8,14.27
Flower power 0F48,PI040298AD5I210985,2018-09-03 23:14:34,-1.0,0.1,10.2,14.0
Flower power 0F48,PI040298AD5I210985,2018-09-03 23:29:34,-1.0,0.1,10.07,13.95
Flower power 0F48,PI040298AD5I210985,2018-09-03 23:44:34,-1.0,0.1,10.47,13.73
Flower power 0F48,PI040298AD5I210985,2018-09-03 23:59:34,-1.0,0.1,9.94,13.67
Flower power 0F48,PI040298AD5I210985,2018-09-04 00:14:34,-1.0,0.1,10.34,14.05
Flower power 0F48,PI040298AD5I210985,2018-09-04 00:29:34,-1.0,0.1,10.07,15.24
Flower power 0F48,PI040298AD5I210985,2018-09-04 00:44:34,-1.0,0.1,10.07,16.08
Flower power 0F48,PI040298AD5I210985,2018-09-04 00:59:34,-1.0,0.1,10.34,17.27
Flower power 0F48,PI040298AD5I210985,2018-09-04 01:14:34,-1.0,0.1,10.2,17.73
Flower power 0F48,PI040298AD5I210985,2018-09-04 01:29:34,-1.0,0.1,9.94,18.08
Flower power 0F48,PI040298AD5I210985,2018-09-04 01:44:34,-1.0,0.1,9.94,18.34
Flower power 0F48,PI040298AD5I210985,2018-09-04 01:59:34,-1.0,0.1,9.8,18.44
Flower power 0F48,PI040298AD5I210985,2018-09-04 02:14:34,-1.0,0.1,10.2,18.44
Flower power 0F48,PI040298AD5I210985,2018-09-04 02:29:34,-1.0,0.1,9.94,18.49
Flower power 0F48,PI040298AD5I210985,2018-09-04 02:44:34,-1.0,0.1,9.94,18.93
Flower power 0F48,PI040298AD5I210985,2018-09-04 02:59:34,-1.0,0.1,9.94,19.43
Flower power 0F48,PI040298AD5I210985,2018-09-04 03:14:34,-1.0,0.1,10.34,19.57
Flower power 0F48,PI040298AD5I210985,2018-09-04 03:29:34,-1.0,0.1,10.47,19.33
Flower power 0F48,PI040298AD5I210985,2018-09-04 03:44:34,-1.0,0.1,10.2,18.24
Flower power 0F48,PI040298AD5I210985,2018-09-04 03:59:34,-1.0,0.1,9.94,17.48
Flower power 0F48,PI040298AD5I210985,2018-09-04 04:14:34,-1.0,0.1,10.34,17.07
Flower power 0F48,PI040298AD5I210985,2018-09-04 04:29:34,-1.0,0.1,10.34,18.29
Flower power 0F48,PI040298AD5I210985,2018-09-04 04:44:34,-1.0,0.1,10.07,18.83
Flower power 0F48,PI040298AD5I210985,2018-09-04 04:59:34,-1.0,0.1,9.8,19.13
Flower power 0F48,PI040298AD5I210985,2018-09-04 05:14:34,-1.0,0.1,10.07,19.23
Flower power 0F48,PI040298AD5I210985,2018-09-04 05:29:34,-1.0,0.1,10.07,19.38
Flower power 0F48,PI040298AD5I210985,2018-09-04 05:44:34,-1.0,0.1,9.94,19.48
Flower power 0F48,PI040298AD5I210985,2018-09-04 05:59:34,-1.0,0.13,9.94,19.38
Flower power 0F48,PI040298AD5I210985,2018-09-04 06:14:34,-1.0,0.76,9.94,19.33
Flower power 0F48,PI040298AD5I210985,2018-09-04 06:29:34,-1.0,1.79,10.2,19.92
Flower power 0F48,PI040298AD5I210985,2018-09-04 06:44:34,-1.0,3.23,10.07,20.64
Flower power 0F48,PI040298AD5I210985,2018-09-04 06:59:34,-1.0,2.14,9.8,21.07
Flower power 0F48,PI040298AD5I210985,2018-09-04 07:14:34,-1.0,2.3,10.07,21.22
Flower power 0F48,PI040298AD5I210985,2018-09-04 07:29:34,-1.0,9.02,10.34,22.07
Flower power 0F48,PI040298AD5I210985,2018-09-04 07:44:34,-1.0,12.26,9.94,23.56
Flower power 0F48,PI040298AD5I210985,2018-09-04 07:59:34,-1.0,33.76,9.8,25.11
Flower power 0F48,PI040298AD5I210985,2018-09-04 08:14:34,-1.0,45.11,10.2,28.69
Flower power 0F48,PI040298AD5I210985,2018-09-04 08:29:34,-1.0,70.17,10.07,33.25
Flower power 0F48,PI040298AD5I210985,2018-09-04 08:44:34,-1.0,60.74,10.34,35.27
Flower power 0F48,PI040298AD5I210985,2018-09-04 08:59:34,-1.0,39.27,10.34,32.13
Flower power 0F48,PI040298AD5I210985,2018-09-04 09:14:34,-1.0,77.8,10.07,34.23
Flower power 0F48,PI040298AD5I210985,2018-09-04 09:29:34,-1.0,53.5,10.07,33.69
Flower power 0F48,PI040298AD5I210985,2018-09-04 09:44:34,-1.0,48.72,10.47,34.05
Flower power 0F48,PI040298AD5I210985,2018-09-04 09:59:34,-1.0,62.27,9.8,33.65
Flower power 0F48,PI040298AD5I210985,2018-09-04 10:14:34,-1.0,50.73,10.2,35.13
Flower power 0F48,PI040298AD5I210985,2018-09-04 10:29:34,-1.0,54.69,9.94,34.91
Flower power 0F48,PI040298AD5I210985,2018-09-04 10:44:34,-1.0,37.01,10.2,31.43
Flower power 0F48,PI040298AD5I210985,2018-09-04 10:59:34,-1.0,55.61,9.94,34.1
Flower power 0F48,PI040298AD5I210985,2018-09-04 11:14:34,-1.0,64.28,10.2,35.31
Flower power 0F48,PI040298AD5I210985,2018-09-04 11:29:34,-1.0,83.61,9.94,38.27
Flower power 0F48,PI040298AD5I210985,2018-09-04 11:44:34,-1.0,183.51,9.94,40.04
Flower power 0F48,PI040298AD5I210985,2018-09-04 11:59:34,-1.0,98.19,10.2,42.01
Flower power 0F48,PI040298AD5I210985,2018-09-04 12:14:34,-1.0,88.75,10.34,41.12
Flower power 0F48,PI040298AD5I210985,2018-09-04 12:29:34,-1.0,77.2,9.94,38.89
Flower power 0F48,PI040298AD5I210985,2018-09-04 12:44:34,-1.0,82.92,10.47,41.51
Flower power 0F48,PI040298AD5I210985,2018-09-04 12:59:34,-1.0,70.66,10.2,38.37
Flower power 0F48,PI040298AD5I210985,2018-09-04 13:14:34,-1.0,66.43,10.47,37.33
Flower power 0F48,PI040298AD5I210985,2018-09-04 13:29:34,-1.0,61.88,10.2,35.95
Flower power 0F48,PI040298AD5I210985,2018-09-04 13:44:34,-1.0,63.46,10.07,36.92
Flower power 0F48,PI040298AD5I210985,2018-09-04 13:59:34,-1.0,73.25,10.34,38.18
Flower power 0F48,PI040298AD5I210985,2018-09-04 14:14:34,-1.0,59.29,10.2,37.71
Flower power 0F48,PI040298AD5I210985,2018-09-04 14:29:34,-1.0,52.08,9.8,35.18
Flower power 0F48,PI040298AD5I210985,2018-09-04 14:44:34,-1.0,50.47,10.47,34.41
Flower power 0F48,PI040298AD5I210985,2018-09-04 14:59:34,-1.0,42.18,10.34,32.93
Flower power 0F48,PI040298AD5I210985,2018-09-04 15:14:34,-1.0,32.06,10.2,31.2
Flower power 0F48,PI040298AD5I210985,2018-09-04 15:29:34,-1.0,25.1,10.07,29.48
Flower power 0F48,PI040298AD5I210985,2018-09-04 15:44:34,-1.0,30.23,10.34,29.79
Flower power 0F48,PI040298AD5I210985,2018-09-04 15:59:34,-1.0,22.14,10.2,29.35
Flower power 0F48,PI040298AD5I210985,2018-09-04 16:14:34,-1.0,16.5,10.34,27.4
Flower power 0F48,PI040298AD5I210985,2018-09-04 16:29:34,-1.0,29.03,10.2,29.13
Flower power 0F48,PI040298AD5I210985,2018-09-04 16:44:34,-1.0,23.95,10.2,29.08
Flower power 0F48,PI040298AD5I210985,2018-09-04 16:59:34,-1.0,20.05,10.47,28.6
Flower power 0F48,PI040298AD5I210985,2018-09-04 17:14:34,-1.0,18.56,10.34,27.8
Flower power 0F48,PI040298AD5I210985,2018-09-04 17:29:34,-1.0,16.62,10.07,27.58
Flower power 0F48,PI040298AD5I210985,2018-09-04 17:44:34,-1.0,13.88,10.2,27.13
Flower power 0F48,PI040298AD5I210985,2018-09-04 17:59:34,-1.0,8.69,9.94,25.79
Flower power 0F48,PI040298AD5I210985,2018-09-04 18:14:34,-1.0,4.75,9.8,24.7
Flower power 0F48,PI040298AD5I210985,2018-09-04 18:29:34,-1.0,3.54,10.2,24.11
Flower power 0F48,PI040298AD5I210985,2018-09-04 18:44:34,-1.0,1.4,10.47,23.14
Flower power 0F48,PI040298AD5I210985,2018-09-04 18:59:34,-1.0,0.32,10.47,22.21
Flower power 0F48,PI040298AD5I210985,2018-09-04 19:14:34,-1.0,0.1,10.2,21.55
Flower power 0F48,PI040298AD5I210985,2018-09-04 19:29:34,-1.0,0.1,10.47,21.26
Flower power 0F48,PI040298AD5I210985,2018-09-04 19:44:34,-1.0,0.1,10.34,20.5
Flower power 0F48,PI040298AD5I210985,2018-09-04 19:59:34,-1.0,0.1,10.07,21.26
Flower power 0F48,PI040298AD5I210985,2018-09-04 20:14:34,-1.0,0.1,10.2,21.74
Flower power 0F48,PI040298AD5I210985,2018-09-04 20:29:34,-1.0,0.1,10.07,21.74
Flower power 0F48,PI040298AD5I210985,2018-09-04 20:44:34,-1.0,0.1,10.47,21.41
Flower power 0F48,PI040298AD5I210985,2018-09-04 20:59:34,-1.0,0.1,10.2,21.03
Flower power 0F48,PI040298AD5I210985,2018-09-04 21:14:34,-1.0,0.1,9.94,20.4
Flower power 0F48,PI040298AD5I210985,2018-09-04 21:29:34,-1.0,0.1,10.07,20.06
Flower power 0F48,PI040298AD5I210985,2018-09-04 21:44:34,-1.0,0.1,10.2,20.11
Flower power 0F48,PI040298AD5I210985,2018-09-04 21:59:34,-1.0,0.1,10.34,19.96
Flower power 0F48,PI040298AD5I210985,2018-09-04 22:14:34,-1.0,0.1,10.34,18.24
Flower power 0F48,PI040298AD5I210985,2018-09-04 22:29:34,-1.0,0.1,10.07,16.66
Flower power 0F48,PI040298AD5I210985,2018-09-04 22:44:34,-1.0,0.1,10.2,15.87
Flower power 0F48,PI040298AD5I210985,2018-09-04 22:59:34,-1.0,0.1,10.2,17.32
Flower power 0F48,PI040298AD5I210985,2018-09-04 23:14:34,-1.0,0.1,9.8,16.03
Flower power 0F48,PI040298AD5I210985,2018-09-04 23:29:34,-1.0,0.1,9.94,15.82
Flower power 0F48,PI040298AD5I210985,2018-09-04 23:44:34,-1.0,0.1,10.2,15.87
Flower power 0F48,PI040298AD5I210985,2018-09-04 23:59:34,-1.0,0.1,10.07,15.13
Flower power 0F48,PI040298AD5I210985,2018-09-05 00:14:34,-1.0,0.1,10.47,14.76
Flower power 0F48,PI040298AD5I210985,2018-09-05 00:29:34,-1.0,0.1,10.2,14.43
Flower power 0F48,PI040298AD5I210985,2018-09-05 00:44:34,-1.0,0.1,10.2,14.22
Flower power 0F48,PI040298AD5I210985,2018-09-05 00:59:34,-1.0,0.1,10.07,14.05
Flower power 0F48,PI040298AD5I210985,2018-09-05 01:14:34,-1.0,0.1,9.8,14.27
Flower power 0F48,PI040298AD5I210985,2018-09-05 01:29:34,-1.0,0.1,10.2,14.05
Flower power 0F48,PI040298AD5I210985,2018-09-05 01:44:34,-1.0,0.1,9.94,14.0
Flower power 0F48,PI040298AD5I210985,2018-09-05 01:59:34,-1.0,0.1,10.07,15.13
Flower power 0F48,PI040298AD5I210985,2018-09-05 02:14:34,-1.0,0.1,10.07,16.19
Flower power 0F48,PI040298AD5I210985,2018-09-05 02:29:34,-1.0,0.1,9.8,17.78
Flower power 0F48,PI040298AD5I210985,2018-09-05 02:44:34,-1.0,0.1,10.2,16.76
Flower power 0F48,PI040298AD5I210985,2018-09-05 02:59:34,-1.0,0.1,10.34,15.61
Flower power 0F48,PI040298AD5I210985,2018-09-05 03:14:34,-1.0,0.1,9.94,14.76
Flower power 0F48,PI040298AD5I210985,2018-09-05 03:29:34,-1.0,0.1,10.07,15.24
Flower power 0F48,PI040298AD5I210985,2018-09-05 03:44:34,-1.0,0.1,9.94,14.81
Flower power 0F48,PI040298AD5I210985,2018-09-05 03:59:34,-1.0,0.1,10.07,16.5
Flower power 0F48,PI040298AD5I210985,2018-09-05 04:14:34,-1.0,0.1,10.07,14.87
Flower power 0F48,PI040298AD5I210985,2018-09-05 04:29:34,-1.0,0.1,9.8,14.0
Flower power 0F48,PI040298AD5I210985,2018-09-05 04:44:34,-1.0,0.1,9.8,13.51
Flower power 0F48,PI040298AD5I210985,2018-09-05 04:59:34,-1.0,0.1,10.07,13.17
Flower power 0F48,PI040298AD5I210985,2018-09-05 05:14:34,-1.0,0.1,9.8,13.12
Flower power 0F48,PI040298AD5I210985,2018-09-05 05:29:34,-1.0,0.1,9.94,13.06
Flower power 0F48,PI040298AD5I210985,2018-09-05 05:44:34,-1.0,0.1,9.8,12.9
Flower power 0F48,PI040298AD5I210985,2018-09-05 05:59:34,-1.0,0.16,9.94,12.9
Flower power 0F48,PI040298AD5I210985,2018-09-05 06:14:34,-1.0,1.03,10.07,13.12
Flower power 0F48,PI040298AD5I210985,2018-09-05 06:29:34,-1.0,2.86,10.2,13.95
Flower power 0F48,PI040298AD5I210985,2018-09-05 06:44:34,-1.0,5.4,10.2,15.03
Flower power 0F48,PI040298AD5I210985,2018-09-05 06:59:34,-1.0,7.93,9.94,16.6
Flower power 0F48,PI040298AD5I210985,2018-09-05 07:14:34,-1.0,10.27,10.2,18.03
Flower power 0F48,PI040298AD5I210985,2018-09-05 07:29:34,-1.0,12.96,10.07,19.23
Flower power 0F48,PI040298AD5I210985,2018-09-05 07:44:34,-1.0,21.63,10.07,21.07
Flower power 0F48,PI040298AD5I210985,2018-09-05 07:59:34,-1.0,34.24,9.8,23.1
Flower power 0F48,PI040298AD5I210985,2018-09-05 08:14:34,-1.0,50.47,10.07,26.19
Flower power 0F48,PI040298AD5I210985,2018-09-05 08:29:34,-1.0,63.46,10.07,30.5
Flower power 0F48,PI040298AD5I210985,2018-09-05 08:44:34,-1.0,70.17,10.34,34.45
Flower power 0F48,PI040298AD5I210985,2018-09-05 08:59:34,-1.0,76.03,9.94,37.61
Flower power 0F48,PI040298AD5I210985,2018-09-05 09:14:34,-1.0,84.31,9.67,39.94
Flower power 0F48,PI040298AD5I210985,2018-09-05 09:29:34,-1.0,92.81,9.94,42.72
Flower power 0F48,PI040298AD5I210985,2018-09-05 09:44:34,-1.0,102.12,9.94,44.96
Flower power 0F48,PI040298AD5I210985,2018-09-05 09:59:34,-1.0,116.0,10.07,48.26
Flower power 0F48,PI040298AD5I210985,2018-09-05 10:14:34,-1.0,121.48,9.94,49.41
Flower power 0F48,PI040298AD5I210985,2018-09-05 10:29:34,-1.0,51.0,10.34,40.18
Flower power 0F48,PI040298AD5I210985,2018-09-05 10:44:34,-1.0,143.34,10.2,42.92
Flower power 0F48,PI040298AD5I210985,2018-09-05 10:59:34,-1.0,63.06,9.94,37.15
Flower power 0F48,PI040298AD5I210985,2018-09-05 11:14:34,-1.0,166.13,10.2,38.41
Flower power 0F48,PI040298AD5I210985,2018-09-05 11:29:34,-1.0,86.47,10.2,41.26
Flower power 0F48,PI040298AD5I210985,2018-09-05 11:44:34,-1.0,120.06,10.07,41.41
Flower power 0F48,PI040298AD5I210985,2018-09-05 11:59:34,-1.0,72.72,10.07,38.22
Flower power 0F48,PI040298AD5I210985,2018-09-05 12:14:34,-1.0,54.09,10.2,42.52
Flower power 0F48,PI040298AD5I210985,2018-09-05 12:29:34,-1.0,141.39,9.94,35.27
Flower power 0F48,PI040298AD5I210985,2018-09-05 12:44:34,-1.0,168.8,10.07,43.18
Flower power 0F48,PI040298AD5I210985,2018-09-05 12:59:34,-1.0,42.92,10.07,36.18
Flower power 0F48,PI040298AD5I210985,2018-09-05 13:14:34,-1.0,39.59,10.07,31.91
Flower power 0F48,PI040298AD5I210985,2018-09-05 13:29:34,-1.0,40.42,9.94,34.45
Flower power 0F48,PI040298AD5I210985,2018-09-05 13:44:34,-1.0,39.92,9.8,32.04
Flower power 0F48,PI040298AD5I210985,2018-09-05 13:59:34,-1.0,114.71,9.94,43.33
Flower power 0F48,PI040298AD5I210985,2018-09-05 14:14:34,-1.0,53.5,10.34,39.27
Flower power 0F48,PI040298AD5I210985,2018-09-05 14:29:34,-1.0,72.19,10.2,45.92
Flower power 0F48,PI040298AD5I210985,2018-09-05 14:44:34,-1.0,132.37,9.94,40.53
Flower power 0F48,PI040298AD5I210985,2018-09-05 14:59:34,-1.0,105.28,10.2,43.9
Flower power 0F48,PI040298AD5I210985,2018-09-05 15:14:34,-1.0,30.33,10.2,33.69
Flower power 0F48,PI040298AD5I210985,2018-09-05 15:29:34,-1.0,21.98,10.07,29.13
Flower power 0F48,PI040298AD5I210985,2018-09-05 15:44:34,-1.0,28.34,10.07,28.91
Flower power 0F48,PI040298AD5I210985,2018-09-05 15:59:34,-1.0,23.12,10.34,30.1
Flower power 0F48,PI040298AD5I210985,2018-09-05 16:14:34,-1.0,16.36,9.8,26.78
Flower power 0F48,PI040298AD5I210985,2018-09-05 16:29:34,-1.0,13.61,9.94,25.25
Flower power 0F48,PI040298AD5I210985,2018-09-05 16:44:34,-1.0,12.48,10.2,24.75
Flower power 0F48,PI040298AD5I210985,2018-09-05 16:59:34,-1.0,11.74,10.2,24.48
Flower power 0F48,PI040298AD5I210985,2018-09-05 17:14:34,-1.0,10.79,9.94,24.02
Flower power 0F48,PI040298AD5I210985,2018-09-05 17:29:34,-1.0,9.75,10.2,23.33
Flower power 0F48,PI040298AD5I210985,2018-09-05 17:44:34,-1.0,8.54,9.94,22.77
Flower power 0F48,PI040298AD5I210985,2018-09-05 17:59:34,-1.0,7.07,10.2,22.3
Flower power 0F48,PI040298AD5I210985,2018-09-05 18:14:34,-1.0,5.44,10.07,21.55
Flower power 0F48,PI040298AD5I210985,2018-09-05 18:29:34,-1.0,3.49,10.2,20.88
Flower power 0F48,PI040298AD5I210985,2018-09-05 18:44:34,-1.0,1.61,10.2,20.11
Flower power 0F48,PI040298AD5I210985,2018-09-05 18:59:34,-1.0,0.39,9.94,19.57
Flower power 0F48,PI040298AD5I210985,2018-09-05 19:14:34,-1.0,0.1,10.34,19.08
Flower power 0F48,PI040298AD5I210985,2018-09-05 19:29:34,-1.0,0.1,10.2,18.93
Flower power 0F48,PI040298AD5I210985,2018-09-05 19:44:34,-1.0,0.1,10.07,18.59
Flower power 0F48,PI040298AD5I210985,2018-09-05 19:59:34,-1.0,0.1,10.2,18.64
Flower power 0F48,PI040298AD5I210985,2018-09-05 20:14:34,-1.0,0.1,10.2,18.29
Flower power 0F48,PI040298AD5I210985,2018-09-05 20:29:34,-1.0,0.1,10.34,18.29
Flower power 0F48,PI040298AD5I210985,2018-09-05 20:44:34,-1.0,0.1,10.2,18.24
Flower power 0F48,PI040298AD5I210985,2018-09-05 20:59:34,-1.0,0.1,10.07,18.08
Flower power 0F48,PI040298AD5I210985,2018-09-05 21:14:34,-1.0,0.1,9.67,17.93
Flower power 0F48,PI040298AD5I210985,2018-09-05 21:29:34,-1.0,0.1,9.8,17.93
Flower power 0F48,PI040298AD5I210985,2018-09-05 21:44:34,-1.0,0.1,10.07,17.78
Flower power 0F48,PI040298AD5I210985,2018-09-05 21:59:34,-1.0,0.1,10.07,17.63
Flower power 0F48,PI040298AD5I210985,2018-09-05 22:14:34,-1.0,0.1,9.8,17.48
Flower power 0F48,PI040298AD5I210985,2018-09-05 22:29:34,-1.0,0.1,10.34,17.38
Flower power 0F48,PI040298AD5I210985,2018-09-05 22:44:34,-1.0,0.1,10.34,17.22
Flower power 0F48,PI040298AD5I210985,2018-09-05 22:59:34,-1.0,0.1,10.34,17.27
Flower power 0F48,PI040298AD5I210985,2018-09-05 23:14:34,-1.0,0.1,10.07,17.32
Flower power 0F48,PI040298AD5I210985,2018-09-05 23:29:34,-1.0,0.1,10.34,17.32
Flower power 0F48,PI040298AD5I210985,2018-09-05 23:44:34,-1.0,0.1,9.8,17.17
Flower power 0F48,PI040298AD5I210985,2018-09-05 23:59:34,-1.0,0.1,10.07,16.97
Flower power 0F48,PI040298AD5I210985,2018-09-06 00:14:34,-1.0,0.1,10.34,17.02
Flower power 0F48,PI040298AD5I210985,2018-09-06 00:29:34,-1.0,0.1,9.94,16.71
Flower power 0F48,PI040298AD5I210985,2018-09-06 00:44:34,-1.0,0.1,10.07,16.45
Flower power 0F48,PI040298AD5I210985,2018-09-06 00:59:34,-1.0,0.1,10.2,16.6
Flower power 0F48,PI040298AD5I210985,2018-09-06 01:14:34,-1.0,0.1,9.94,16.76
Flower power 0F48,PI040298AD5I210985,2018-09-06 01:29:34,-1.0,0.1,9.94,16.66
Flower power 0F48,PI040298AD5I210985,2018-09-06 01:44:34,-1.0,0.1,10.34,16.45
Flower power 0F48,PI040298AD5I210985,2018-09-06 01:59:34,-1.0,0.1,9.8,16.71
Flower power 0F48,PI040298AD5I210985,2018-09-06 02:14:34,-1.0,0.1,10.07,16.6
Flower power 0F48,PI040298AD5I210985,2018-09-06 02:29:34,-1.0,0.1,10.2,16.14
Flower power 0F48,PI040298AD5I210985,2018-09-06 02:44:34,-1.0,0.1,10.07,16.4
Flower power 0F48,PI040298AD5I210985,2018-09-06 02:59:34,-1.0,0.1,9.8,16.45
Flower power 0F48,PI040298AD5I210985,2018-09-06 03:14:34,-1.0,0.1,10.2,16.5
Flower power 0F48,PI040298AD5I210985,2018-09-06 03:29:34,-1.0,0.1,9.94,16.29
Flower power 0F48,PI040298AD5I210985,2018-09-06 03:44:34,-1.0,0.1,10.34,16.45
Flower power 0F48,PI040298AD5I210985,2018-09-06 03:59:34,-1.0,0.1,10.2,16.03
Flower power 0F48,PI040298AD5I210985,2018-09-06 04:14:34,-1.0,0.1,9.8,16.14
Flower power 0F48,PI040298AD5I210985,2018-09-06 04:29:34,-1.0,0.1,10.34,16.08
Flower power 0F48,PI040298AD5I210985,2018-09-06 04:44:34,-1.0,0.1,9.8,16.03
Flower power 0F48,PI040298AD5I210985,2018-09-06 04:59:34,-1.0,0.1,9.8,16.14
Flower power 0F48,PI040298AD5I210985,2018-09-06 05:14:34,-1.0,0.1,9.94,16.03
Flower power 0F48,PI040298AD5I210985,2018-09-06 05:29:34,-1.0,0.1,10.07,15.66
Flower power 0F48,PI040298AD5I210985,2018-09-06 05:44:34,-1.0,0.1,9.94,15.72
Flower power 0F48,PI040298AD5I210985,2018-09-06 05:59:34,-1.0,0.14,9.94,15.82
Flower power 0F48,PI040298AD5I210985,2018-09-06 06:14:34,-1.0,0.99,10.34,16.24
Flower power 0F48,PI040298AD5I210985,2018-09-06 06:29:34,-1.0,2.84,10.07,16.45
Flower power 0F48,PI040298AD5I210985,2018-09-06 06:44:34,-1.0,5.14,9.67,16.66
Flower power 0F48,PI040298AD5I210985,2018-09-06 06:59:34,-1.0,7.34,9.54,16.55
Flower power 0F48,PI040298AD5I210985,2018-09-06 07:14:34,-1.0,9.4,9.8,16.91
Flower power 0F48,PI040298AD5I210985,2018-09-06 07:29:34,-1.0,11.91,9.94,17.68
Flower power 0F48,PI040298AD5I210985,2018-09-06 07:44:34,-1.0,19.3,10.34,20.01
Flower power 0F48,PI040298AD5I210985,2018-09-06 07:59:34,-1.0,38.18,9.94,22.49
Flower power 0F48,PI040298AD5I210985,2018-09-06 08:14:34,-1.0,57.23,9.8,26.28
Flower power 0F48,PI040298AD5I210985,2018-09-06 08:29:34,-1.0,64.28,10.2,30.63
Flower power 0F48,PI040298AD5I210985,2018-09-06 08:44:34,-1.0,68.72,10.34,33.6
Flower power 0F48,PI040298AD5I210985,2018-09-06 08:59:34,-1.0,77.8,10.34,36.82
Flower power 0F48,PI040298AD5I210985,2018-09-06 09:14:34,-1.0,85.02,10.2,39.51
Flower power 0F48,PI040298AD5I210985,2018-09-06 09:29:34,-1.0,93.67,9.94,41.76
Flower power 0F48,PI040298AD5I210985,2018-09-06 09:44:34,-1.0,101.11,10.6,42.97
Flower power 0F48,PI040298AD5I210985,2018-09-06 09:59:34,-1.0,108.63,10.07,43.8
Flower power 0F48,PI040298AD5I210985,2018-09-06 10:14:34,-1.0,116.0,10.07,45.06
Flower power 0F48,PI040298AD5I210985,2018-09-06 10:29:34,-1.0,121.48,9.94,46.2
Flower power 0F48,PI040298AD5I210985,2018-09-06 10:44:34,-1.0,125.93,10.07,48.09
Flower power 0F48,PI040298AD5I210985,2018-09-06 10:59:34,-1.0,129.07,10.34,47.41
Flower power 0F48,PI040298AD5I210985,2018-09-06 11:14:34,-1.0,132.37,10.07,50.71
Flower power 0F48,PI040298AD5I210985,2018-09-06 11:29:34,-1.0,135.84,10.2,52.49
Flower power 0F48,PI040298AD5I210985,2018-09-06 11:44:34,-1.0,137.64,10.34,52.36
Flower power 0F48,PI040298AD5I210985,2018-09-06 11:59:34,-1.0,139.49,10.2,52.36
Flower power 0F48,PI040298AD5I210985,2018-09-06 12:14:34,-1.0,141.39,10.34,52.61
Flower power 0F48,PI040298AD5I210985,2018-09-06 12:29:34,-1.0,141.39,10.2,52.18
Flower power 0F48,PI040298AD5I210985,2018-09-06 12:44:34,-1.0,141.39,10.2,50.95
Flower power 0F48,PI040298AD5I210985,2018-09-06 12:59:34,-1.0,141.39,10.07,51.99
Flower power 0F48,PI040298AD5I210985,2018-09-06 13:14:34,-1.0,141.39,10.34,54.07
Flower power 0F48,PI040298AD5I210985,2018-09-06 13:29:34,-1.0,139.49,10.07,51.87
Flower power 0F48,PI040298AD5I210985,2018-09-06 13:44:34,-1.0,135.84,10.34,49.94
Flower power 0F48,PI040298AD5I210985,2018-09-06 13:59:34,-1.0,130.7,10.2,49.18
Flower power 0F48,PI040298AD5I210985,2018-09-06 14:14:34,-1.0,127.48,10.07,47.3
Flower power 0F48,PI040298AD5I210985,2018-09-06 14:29:34,-1.0,107.49,10.2,44.69
Flower power 0F48,PI040298AD5I210985,2018-09-06 14:44:34,-1.0,117.33,10.47,42.77
Flower power 0F48,PI040298AD5I210985,2018-09-06 14:59:34,-1.0,61.49,10.34,40.38
Flower power 0F48,PI040298AD5I210985,2018-09-06 15:14:34,-1.0,13.77,10.07,27.93
Flower power 0F48,PI040298AD5I210985,2018-09-06 15:29:34,-1.0,12.84,10.74,25.7
Flower power 0F48,PI040298AD5I210985,2018-09-06 15:44:34,-1.0,12.45,10.74,24.98
Flower power 0F48,PI040298AD5I210985,2018-09-06 15:59:34,-1.0,12.36,10.34,24.7
Flower power 0F48,PI040298AD5I210985,2018-09-06 16:14:34,-1.0,11.28,10.74,24.11
Flower power 0F48,PI040298AD5I210985,2018-09-06 16:29:34,-1.0,10.83,10.47,23.65
Flower power 0F48,PI040298AD5I210985,2018-09-06 16:44:34,-1.0,10.3,10.6,23.37
Flower power 0F48,PI040298AD5I210985,2018-09-06 16:59:34,-1.0,9.65,10.34,23.05
Flower power 0F48,PI040298AD5I210985,2018-09-06 17:14:34,-1.0,8.91,10.74,22.68
Flower power 0F48,PI040298AD5I210985,2018-09-06 17:29:34,-1.0,8.21,10.2,22.12
Flower power 0F48,PI040298AD5I210985,2018-09-06 17:44:34,-1.0,7.43,10.74,21.55
Flower power 0F48,PI040298AD5I210985,2018-09-06 17:59:34,-1.0,6.43,10.6,21.12
Flower power 0F48,PI040298AD5I210985,2018-09-06 18:14:34,-1.0,5.05,10.2,20.59
Flower power 0F48,PI040298AD5I210985,2018-09-06 18:29:34,-1.0,3.33,10.34,20.01
Flower power 0F48,PI040298AD5I210985,2018-09-06 18:44:34,-1.0,1.39,10.2,19.33
Flower power 0F48,PI040298AD5I210985,2018-09-06 18:59:34,-1.0,0.28,10.74,18.83
Flower power 0F48,PI040298AD5I210985,2018-09-06 19:14:34,-1.0,0.1,10.47,18.24
Flower power 0F48,PI040298AD5I210985,2018-09-06 19:29:34,-1.0,0.1,10.34,18.08
Flower power 0F48,PI040298AD5I210985,2018-09-06 19:44:34,-1.0,0.1,10.47,17.83
Flower power 0F48,PI040298AD5I210985,2018-09-06 19:59:34,-1.0,0.1,10.2,17.53
Flower power 0F48,PI040298AD5I210985,2018-09-06 20:14:34,-1.0,0.1,10.2,17.38
Flower power 0F48,PI040298AD5I210985,2018-09-06 20:29:34,-1.0,0.1,10.6,17.12
Flower power 0F48,PI040298AD5I210985,2018-09-06 20:44:34,-1.0,0.1,10.07,16.81
Flower power 0F48,PI040298AD5I210985,2018-09-06 20:59:34,-1.0,0.1,10.34,16.6
Flower power 0F48,PI040298AD5I210985,2018-09-06 21:14:34,-1.0,0.1,10.2,16.24
Flower power 0F48,PI040298AD5I210985,2018-09-06 21:29:34,-1.0,0.1,10.07,16.19
Flower power 0F48,PI040298AD5I210985,2018-09-06 21:44:34,-1.0,0.1,10.34,16.03
Flower power 0F48,PI040298AD5I210985,2018-09-06 21:59:34,-1.0,0.1,10.6,15.45
Flower power 0F48,PI040298AD5I210985,2018-09-06 22:14:34,-1.0,0.1,10.47,14.87
Flower power 0F48,PI040298AD5I210985,2018-09-06 22:29:34,-1.0,0.1,10.07,15.56
Flower power 0F48,PI040298AD5I210985,2018-09-06 22:44:34,-1.0,0.1,10.07,15.77
Flower power 0F48,PI040298AD5I210985,2018-09-06 22:59:34,-1.0,0.1,10.47,15.35
Flower power 0F48,PI040298AD5I210985,2018-09-06 23:14:34,-1.0,0.1,10.6,15.5
Flower power 0F48,PI040298AD5I210985,2018-09-06 23:29:34,-1.0,0.1,10.34,14.92
Flower power 0F48,PI040298AD5I210985,2018-09-06 23:44:34,-1.0,0.1,10.34,14.6
Flower power 0F48,PI040298AD5I210985,2018-09-06 23:59:34,-1.0,0.1,10.34,13.78
Flower power 0F48,PI040298AD5I210985,2018-09-07 00:14:34,-1.0,0.1,10.07,13.45
Flower power 0F48,PI040298AD5I210985,2018-09-07 00:29:34,-1.0,0.1,10.07,13.84
Flower power 0F48,PI040298AD5I210985,2018-09-07 00:44:34,-1.0,0.1,10.07,14.43
Flower power 0F48,PI040298AD5I210985,2018-09-07 00:59:34,-1.0,0.1,10.6,13.17
Flower power 0F48,PI040298AD5I210985,2018-09-07 01:14:34,-1.0,0.1,10.07,14.54
Flower power 0F48,PI040298AD5I210985,2018-09-07 01:29:34,-1.0,0.1,10.2,15.13
Flower power 0F48,PI040298AD5I210985,2018-09-07 01:44:34,-1.0,0.1,10.74,14.97
Flower power 0F48,PI040298AD5I210985,2018-09-07 01:59:34,-1.0,0.1,10.47,13.4
Flower power 0F48,PI040298AD5I210985,2018-09-07 02:14:34,-1.0,0.1,10.34,11.82
Flower power 0F48,PI040298AD5I210985,2018-09-07 02:29:34,-1.0,0.1,10.34,11.42
Flower power 0F48,PI040298AD5I210985,2018-09-07 02:44:34,-1.0,0.1,10.6,10.66
Flower power 0F48,PI040298AD5I210985,2018-09-07 02:59:34,-1.0,0.1,10.47,10.66
Flower power 0F48,PI040298AD5I210985,2018-09-07 03:14:34,-1.0,0.1,10.74,10.78
Flower power 0F48,PI040298AD5I210985,2018-09-07 03:29:34,-1.0,0.1,10.6,10.43
Flower power 0F48,PI040298AD5I210985,2018-09-07 03:44:34,-1.0,0.1,10.47,10.13
Flower power 0F48,PI040298AD5I210985,2018-09-07 03:59:34,-1.0,0.1,10.6,10.25
Flower power 0F48,PI040298AD5I210985,2018-09-07 04:14:34,-1.0,0.1,10.34,10.25
Flower power 0F48,PI040298AD5I210985,2018-09-07 04:29:34,-1.0,0.1,10.07,10.31
Flower power 0F48,PI040298AD5I210985,2018-09-07 04:44:34,-1.0,0.1,10.47,10.31
Flower power 0F48,PI040298AD5I210985,2018-09-07 04:59:34,-1.0,0.1,10.2,10.43
Flower power 0F48,PI040298AD5I210985,2018-09-07 05:14:34,-1.0,0.1,10.07,9.9
Flower power 0F48,PI040298AD5I210985,2018-09-07 05:29:34,-1.0,0.1,10.47,9.96
Flower power 0F48,PI040298AD5I210985,2018-09-07 05:44:34,-1.0,0.1,10.47,9.9
Flower power 0F48,PI040298AD5I210985,2018-09-07 05:59:34,-1.0,0.1,10.07,9.84
Flower power 0F48,PI040298AD5I210985,2018-09-07 06:14:34,-1.0,0.82,10.47,12.16
Flower power 0F48,PI040298AD5I210985,2018-09-07 06:29:34,-1.0,2.16,10.74,12.73
Flower power 0F48,PI040298AD5I210985,2018-09-07 06:44:34,-1.0,4.38,10.07,14.16
Flower power 0F48,PI040298AD5I210985,2018-09-07 06:59:34,-1.0,9.58,10.6,16.14
Flower power 0F48,PI040298AD5I210985,2018-09-07 07:14:34,-1.0,14.02,10.74,17.63
Flower power 0F48,PI040298AD5I210985,2018-09-07 07:29:34,-1.0,14.16,10.2,19.18
Flower power 0F48,PI040298AD5I210985,2018-09-07 07:44:34,-1.0,17.64,10.2,20.01
Flower power 0F48,PI040298AD5I210985,2018-09-07 07:59:34,-1.0,22.57,10.2,21.36
Flower power 0F48,PI040298AD5I210985,2018-09-07 08:14:34,-1.0,26.81,10.6,23.05
Flower power 0F48,PI040298AD5I210985,2018-09-07 08:29:34,-1.0,47.07,10.2,26.24
Flower power 0F48,PI040298AD5I210985,2018-09-07 08:44:34,-1.0,36.31,10.6,25.83
Flower power 0F48,PI040298AD5I210985,2018-09-07 08:59:34,-1.0,61.88,10.07,35.09
Flower power 0F48,PI040298AD5I210985,2018-09-07 09:14:34,-1.0,58.93,10.6,32.76
Flower power 0F48,PI040298AD5I210985,2018-09-07 09:29:34,-1.0,67.78,10.2,35.0
Flower power 0F48,PI040298AD5I210985,2018-09-07 09:44:34,-1.0,82.92,10.2,34.41
Flower power 0F48,PI040298AD5I210985,2018-09-07 09:59:34,-1.0,122.93,10.6,45.92
Flower power 0F48,PI040298AD5I210985,2018-09-07 10:14:34,-1.0,127.48,10.47,49.18
Flower power 0F48,PI040298AD5I210985,2018-09-07 10:29:34,-1.0,125.93,10.34,49.76
Flower power 0F48,PI040298AD5I210985,2018-09-07 10:44:34,-1.0,124.41,10.74,47.02
Flower power 0F48,PI040298AD5I210985,2018-09-07 10:59:34,-1.0,130.7,10.6,49.24
Flower power 0F48,PI040298AD5I210985,2018-09-07 11:14:34,-1.0,134.09,10.6,50.12
Flower power 0F48,PI040298AD5I210985,2018-09-07 11:29:34,-1.0,135.84,10.47,50.89
Flower power 0F48,PI040298AD5I210985,2018-09-07 11:44:34,-1.0,137.64,10.2,51.38
Flower power 0F48,PI040298AD5I210985,2018-09-07 11:59:34,-1.0,139.49,10.2,51.93
Flower power 0F48,PI040298AD5I210985,2018-09-07 12:14:34,-1.0,143.34,10.6,51.5
Flower power 0F48,PI040298AD5I210985,2018-09-07 12:29:34,-1.0,143.34,10.6,51.75
Flower power 0F48,PI040298AD5I210985,2018-09-07 12:44:34,-1.0,143.34,10.47,49.94
Flower power 0F48,PI040298AD5I210985,2018-09-07 12:59:34,-1.0,143.34,10.6,50.0
Flower power 0F48,PI040298AD5I210985,2018-09-07 13:14:34,-1.0,143.34,10.74,51.2
Flower power 0F48,PI040298AD5I210985,2018-09-07 13:29:34,-1.0,141.39,10.47,50.36
Flower power 0F48,PI040298AD5I210985,2018-09-07 13:44:34,-1.0,49.71,10.6,48.2
Flower power 0F48,PI040298AD5I210985,2018-09-07 13:59:34,-1.0,51.0,10.2,47.47
Flower power 0F48,PI040298AD5I210985,2018-09-07 14:14:34,-1.0,153.92,10.47,50.83
Flower power 0F48,PI040298AD5I210985,2018-09-07 14:29:34,-1.0,101.11,10.74,43.18
Flower power 0F48,PI040298AD5I210985,2018-09-07 14:44:34,-1.0,116.0,10.2,43.39
Flower power 0F48,PI040298AD5I210985,2018-09-07 14:59:34,-1.0,100.12,10.34,40.09
Flower power 0F48,PI040298AD5I210985,2018-09-07 15:14:34,-1.0,20.95,10.34,29.75
Flower power 0F48,PI040298AD5I210985,2018-09-07 15:29:34,-1.0,21.83,10.6,26.91
Flower power 0F48,PI040298AD5I210985,2018-09-07 15:44:34,-1.0,19.26,10.74,26.46
Flower power 0F48,PI040298AD5I210985,2018-09-07 15:59:34,-1.0,14.8,10.6,25.29
Flower power 0F48,PI040298AD5I210985,2018-09-07 16:14:34,-1.0,13.06,10.2,24.06
Flower power 0F48,PI040298AD5I210985,2018-09-07 16:29:34,-1.0,12.15,10.6,23.51
Flower power 0F48,PI040298AD5I210985,2018-09-07 16:44:34,-1.0,11.14,10.34,23.1
Flower power 0F48,PI040298AD5I210985,2018-09-07 16:59:34,-1.0,10.51,10.34,22.68
Flower power 0F48,PI040298AD5I210985,2018-09-07 17:14:34,-1.0,9.94,10.6,22.3
Flower power 0F48,PI040298AD5I210985,2018-09-07 17:29:34,-1.0,8.66,10.2,21.88
Flower power 0F48,PI040298AD5I210985,2018-09-07 17:44:34,-1.0,7.54,10.07,21.31
Flower power 0F48,PI040298AD5I210985,2018-09-07 17:59:34,-1.0,6.23,10.47,20.64
Flower power 0F48,PI040298AD5I210985,2018-09-07 18:14:34,-1.0,4.43,10.74,19.67
Flower power 0F48,PI040298AD5I210985,2018-09-07 18:29:34,-1.0,2.75,10.47,19.13
Flower power 0F48,PI040298AD5I210985,2018-09-07 18:44:34,-1.0,1.26,10.47,18.78
Flower power 0F48,PI040298AD5I210985,2018-09-07 18:59:34,-1.0,0.24,10.47,18.64
Flower power 0F48,PI040298AD5I210985,2018-09-07 19:14:34,-1.0,0.1,10.47,17.68
Flower power 0F48,PI040298AD5I210985,2018-09-07 19:29:34,-1.0,0.1,10.47,17.17
Flower power 0F48,PI040298AD5I210985,2018-09-07 19:44:34,-1.0,0.1,10.6,14.92
Flower power 0F48,PI040298AD5I210985,2018-09-07 19:59:34,-1.0,0.1,10.6,13.84
Flower power 0F48,PI040298AD5I210985,2018-09-07 20:14:34,-1.0,0.1,10.34,13.23
Flower power 0F48,PI040298AD5I210985,2018-09-07 20:29:34,-1.0,0.1,10.74,12.78
Flower power 0F48,PI040298AD5I210985,2018-09-07 20:44:34,-1.0,0.1,10.6,12.56
Flower power 0F48,PI040298AD5I210985,2018-09-07 20:59:34,-1.0,0.1,10.47,12.22
Flower power 0F48,PI040298AD5I210985,2018-09-07 21:14:34,-1.0,0.1,10.34,12.16
Flower power 0F48,PI040298AD5I210985,2018-09-07 21:29:34,-1.0,0.1,10.34,12.16
Flower power 0F48,PI040298AD5I210985,2018-09-07 21:44:34,-1.0,0.1,10.47,11.99
Flower power 0F48,PI040298AD5I210985,2018-09-07 21:59:34,-1.0,0.1,10.6,12.05
Flower power 0F48,PI040298AD5I210985,2018-09-07 22:14:34,-1.0,0.1,10.2,12.05
Flower power 0F48,PI040298AD5I210985,2018-09-07 22:29:34,-1.0,0.1,10.47,11.88
Flower power 0F48,PI040298AD5I210985,2018-09-07 22:44:34,-1.0,0.1,10.07,11.71
Flower power 0F48,PI040298AD5I210985,2018-09-07 22:59:34,-1.0,0.1,10.47,11.42
Flower power 0F48,PI040298AD5I210985,2018-09-07 23:14:34,-1.0,0.1,10.6,11.13
Flower power 0F48,PI040298AD5I210985,2018-09-07 23:29:34,-1.0,0.1,10.34,11.13
Flower power 0F48,PI040298AD5I210985,2018-09-07 23:44:34,-1.0,0.1,10.47,10.9
Flower power 0F48,PI040298AD5I210985,2018-09-07 23:59:34,-1.0,0.1,9.94,10.96
Flower power 0F48,PI040298AD5I210985,2018-09-08 00:14:34,-1.0,0.1,10.47,10.96
Flower power 0F48,PI040298AD5I210985,2018-09-08 00:29:34,-1.0,0.1,10.07,11.01
Flower power 0F48,PI040298AD5I210985,2018-09-08 00:44:34,-1.0,0.1,10.47,11.54
Flower power 0F48,PI040298AD5I210985,2018-09-08 00:59:34,-1.0,0.1,10.6,10.9
Flower power 0F48,PI040298AD5I210985,2018-09-08 01:14:34,-1.0,0.1,10.2,10.61
Flower power 0F48,PI040298AD5I210985,2018-09-08 01:29:34,-1.0,0.1,9.94,10.43
Flower power 0F48,PI040298AD5I210985,2018-09-08 01:44:34,-1.0,0.1,10.2,10.37
Flower power 0F48,PI040298AD5I210985,2018-09-08 01:59:34,-1.0,0.1,10.47,10.61
Flower power 0F48,PI040298AD5I210985,2018-09-08 02:14:34,-1.0,0.1,10.07,10.9
Flower power 0F48,PI040298AD5I210985,2018-09-08 02:29:34,-1.0,0.1,10.2,10.37
Flower power 0F48,PI040298AD5I210985,2018-09-08 02:44:34,-1.0,0.1,10.2,10.31
Flower power 0F48,PI040298AD5I210985,2018-09-08 02:59:34,-1.0,0.1,10.47,10.25
Flower power 0F48,PI040298AD5I210985,2018-09-08 03:14:34,-1.0,0.1,10.2,10.49
Flower power 0F48,PI040298AD5I210985,2018-09-08 03:29:34,-1.0,0.1,10.2,10.13
Flower power 0F48,PI040298AD5I210985,2018-09-08 03:44:34,-1.0,0.1,10.34,10.43
Flower power 0F48,PI040298AD5I210985,2018-09-08 03:59:34,-1.0,0.1,10.47,11.13
Flower power 0F48,PI040298AD5I210985,2018-09-08 04:14:34,-1.0,0.1,10.2,10.31
Flower power 0F48,PI040298AD5I210985,2018-09-08 04:29:34,-1.0,0.1,10.47,10.43
Flower power 0F48,PI040298AD5I210985,2018-09-08 04:44:34,-1.0,0.1,10.6,10.13
Flower power 0F48,PI040298AD5I210985,2018-09-08 04:59:34,-1.0,0.1,10.07,10.19
Flower power 0F48,PI040298AD5I210985,2018-09-08 05:14:34,-1.0,0.1,10.47,10.08
Flower power 0F48,PI040298AD5I210985,2018-09-08 05:29:34,-1.0,0.1,10.2,9.66
Flower power 0F48,PI040298AD5I210985,2018-09-08 05:44:34,-1.0,0.1,9.94,9.66
Flower power 0F48,PI040298AD5I210985,2018-09-08 05:59:34,-1.0,0.1,10.47,9.66
Flower power 0F48,PI040298AD5I210985,2018-09-08 06:14:34,-1.0,0.84,10.47,9.78
Flower power 0F48,PI040298AD5I210985,2018-09-08 06:29:34,-1.0,2.7,10.2,10.78
Flower power 0F48,PI040298AD5I210985,2018-09-08 06:44:34,-1.0,5.24,10.47,12.62
Flower power 0F48,PI040298AD5I210985,2018-09-08 06:59:34,-1.0,7.62,10.07,13.89
Flower power 0F48,PI040298AD5I210985,2018-09-08 07:14:34,-1.0,10.51,9.94,15.61
Flower power 0F48,PI040298AD5I210985,2018-09-08 07:29:34,-1.0,15.14,10.47,17.07
Flower power 0F48,PI040298AD5I210985,2018-09-08 07:44:34,-1.0,20.95,10.6,19.57
Flower power 0F48,PI040298AD5I210985,2018-09-08 07:59:34,-1.0,42.36,10.2,21.31
Flower power 0F48,PI040298AD5I210985,2018-09-08 08:14:34,-1.0,55.61,10.47,24.61
Flower power 0F48,PI040298AD5I210985,2018-09-08 08:29:34,-1.0,60.74,10.34,28.77
Flower power 0F48,PI040298AD5I210985,2018-09-08 08:44:34,-1.0,79.64,9.94,35.27
Flower power 0F48,PI040298AD5I210985,2018-09-08 08:59:34,-1.0,88.75,10.2,39.27
Flower power 0F48,PI040298AD5I210985,2018-09-08 09:14:34,-1.0,90.33,10.2,41.02
Flower power 0F48,PI040298AD5I210985,2018-09-08 09:29:34,-1.0,107.49,9.94,43.54
Flower power 0F48,PI040298AD5I210985,2018-09-08 09:44:34,-1.0,109.8,10.07,46.52
Flower power 0F48,PI040298AD5I210985,2018-09-08 09:59:34,-1.0,137.64,10.47,49.65
Flower power 0F48,PI040298AD5I210985,2018-09-08 10:14:34,-1.0,43.5,10.34,41.96
Flower power 0F48,PI040298AD5I210985,2018-09-08 10:29:34,-1.0,46.85,10.34,30.01
Flower power 0F48,PI040298AD5I210985,2018-09-08 10:44:34,-1.0,156.22,10.47,47.24
Flower power 0F48,PI040298AD5I210985,2018-09-08 10:59:34,-1.0,121.48,10.34,46.74
Flower power 0F48,PI040298AD5I210985,2018-09-08 11:14:34,-1.0,153.92,10.34,53.3
Flower power 0F48,PI040298AD5I210985,2018-09-08 11:29:34,-1.0,151.68,10.34,54.14
Flower power 0F48,PI040298AD5I210985,2018-09-08 11:44:34,-1.0,156.22,10.47,55.0
Flower power 0F48,PI040298AD5I210985,2018-09-08 11:59:34,-1.0,158.59,10.47,54.33
Flower power 0F48,PI040298AD5I210985,2018-09-08 12:14:34,-1.0,88.75,10.2,40.04
Flower power 0F48,PI040298AD5I210985,2018-09-08 12:29:34,-1.0,75.46,10.47,51.02
Flower power 0F48,PI040298AD5I210985,2018-09-08 12:44:34,-1.0,158.59,10.07,53.43
Flower power 0F48,PI040298AD5I210985,2018-09-08 12:59:34,-1.0,163.54,10.2,53.11
Flower power 0F48,PI040298AD5I210985,2018-09-08 13:14:34,-1.0,156.22,10.47,48.77
Flower power 0F48,PI040298AD5I210985,2018-09-08 13:29:34,-1.0,166.13,10.34,52.42
Flower power 0F48,PI040298AD5I210985,2018-09-08 13:44:34,-1.0,153.92,10.07,42.72
Flower power 0F48,PI040298AD5I210985,2018-09-08 13:59:34,-1.0,129.07,10.47,39.08
Flower power 0F48,PI040298AD5I210985,2018-09-08 14:13:33,-1.0,156.22,10.6,41.31
Flower power 0F48,PI040298AD5I210985,2018-09-08 14:28:33,-1.0,76.61,10.34,43.49
Flower power 0F48,PI040298AD5I210985,2018-09-08 14:43:33,-1.0,135.84,10.6,47.69
Flower power 0F48,PI040298AD5I210985,2018-09-08 14:58:33,-1.0,64.28,10.2,39.36
Flower power 0F48,PI040298AD5I210985,2018-09-08 15:13:33,-1.0,17.67,10.47,29.3
Flower power 0F48,PI040298AD5I210985,2018-09-08 15:28:33,-1.0,14.8,10.6,26.69
Flower power 0F48,PI040298AD5I210985,2018-09-08 15:43:33,-1.0,13.94,10.6,25.34
Flower power 0F48,PI040298AD5I210985,2018-09-08 15:58:33,-1.0,18.9,10.2,24.7
Flower power 0F48,PI040298AD5I210985,2018-09-08 16:13:33,-1.0,12.07,10.47,23.97
Flower power 0F48,PI040298AD5I210985,2018-09-08 16:28:33,-1.0,11.15,10.34,23.47
Flower power 0F48,PI040298AD5I210985,2018-09-08 16:43:33,-1.0,10.33,10.74,23.19
Flower power 0F48,PI040298AD5I210985,2018-09-08 16:58:33,-1.0,9.68,10.34,22.82
Flower power 0F48,PI040298AD5I210985,2018-09-08 17:13:33,-1.0,8.88,10.47,22.44
Flower power 0F48,PI040298AD5I210985,2018-09-08 17:28:33,-1.0,8.0,10.07,21.97
Flower power 0F48,PI040298AD5I210985,2018-09-08 17:43:33,-1.0,7.07,10.34,21.36
Flower power 0F48,PI040298AD5I210985,2018-09-08 17:58:33,-1.0,5.85,10.34,20.83
Flower power 0F48,PI040298AD5I210985,2018-09-08 18:13:33,-1.0,4.42,10.2,20.3
Flower power 0F48,PI040298AD5I210985,2018-09-08 18:28:33,-1.0,2.67,10.34,19.13
Flower power 0F48,PI040298AD5I210985,2018-09-08 18:43:33,-1.0,1.13,10.2,18.24
Flower power 0F48,PI040298AD5I210985,2018-09-08 18:58:33,-1.0,0.19,10.47,17.27
Flower power 0F48,PI040298AD5I210985,2018-09-08 19:13:33,-1.0,0.1,10.47,16.55
Flower power 0F48,PI040298AD5I210985,2018-09-08 19:28:33,-1.0,0.1,10.6,15.24
Flower power 0F48,PI040298AD5I210985,2018-09-08 19:43:33,-1.0,0.1,10.74,14.49
Flower power 0F48,PI040298AD5I210985,2018-09-08 19:58:33,-1.0,0.1,10.2,14.05
Flower power 0F48,PI040298AD5I210985,2018-09-08 20:13:33,-1.0,0.1,10.6,13.78
Flower power 0F48,PI040298AD5I210985,2018-09-08 20:28:33,-1.0,0.1,10.07,13.4
Flower power 0F48,PI040298AD5I210985,2018-09-08 20:43:33,-1.0,0.1,10.47,13.12
Flower power 0F48,PI040298AD5I210985,2018-09-08 20:58:33,-1.0,0.1,10.47,13.01
Flower power 0F48,PI040298AD5I210985,2018-09-08 21:13:33,-1.0,0.1,10.34,12.84
Flower power 0F48,PI040298AD5I210985,2018-09-08 21:28:33,-1.0,0.1,9.94,12.67
Flower power 0F48,PI040298AD5I210985,2018-09-08 21:43:33,-1.0,0.1,10.34,12.56
Flower power 0F48,PI040298AD5I210985,2018-09-08 21:58:33,-1.0,0.1,10.47,12.28
Flower power 0F48,PI040298AD5I210985,2018-09-08 22:13:33,-1.0,0.1,9.94,12.16
Flower power 0F48,PI040298AD5I210985,2018-09-08 22:28:33,-1.0,0.1,10.34,12.11
Flower power 0F48,PI040298AD5I210985,2018-09-08 22:43:33,-1.0,0.1,10.2,11.99
Flower power 0F48,PI040298AD5I210985,2018-09-08 22:58:33,-1.0,0.1,10.47,11.99
Flower power 0F48,PI040298AD5I210985,2018-09-08 23:13:33,-1.0,0.1,9.94,11.65
Flower power 0F48,PI040298AD5I210985,2018-09-08 23:28:33,-1.0,0.1,10.2,11.59
Flower power 0F48,PI040298AD5I210985,2018-09-08 23:43:33,-1.0,0.1,10.07,11.48
Flower power 0F48,PI040298AD5I210985,2018-09-08 23:58:33,-1.0,0.1,10.34,11.65
Flower power 0F48,PI040298AD5I210985,2018-09-09 00:13:33,-1.0,0.1,10.34,11.54
Flower power 0F48,PI040298AD5I210985,2018-09-09 00:28:33,-1.0,0.1,10.34,13.12
Flower power 0F48,PI040298AD5I210985,2018-09-09 00:43:33,-1.0,0.1,10.34,13.51
Flower power 0F48,PI040298AD5I210985,2018-09-09 00:58:33,-1.0,0.1,9.94,12.05
Flower power 0F48,PI040298AD5I210985,2018-09-09 01:13:33,-1.0,0.1,9.94,11.59
Flower power 0F48,PI040298AD5I210985,2018-09-09 01:28:33,-1.0,0.1,10.34,11.65
Flower power 0F48,PI040298AD5I210985,2018-09-09 01:43:33,-1.0,0.1,10.47,11.19
Flower power 0F48,PI040298AD5I210985,2018-09-09 01:58:33,-1.0,0.1,10.2,11.07
Flower power 0F48,PI040298AD5I210985,2018-09-09 02:13:33,-1.0,0.1,10.07,11.13
Flower power 0F48,PI040298AD5I210985,2018-09-09 02:28:33,-1.0,0.1,10.07,10.96
Flower power 0F48,PI040298AD5I210985,2018-09-09 02:43:33,-1.0,0.1,10.07,10.9
Flower power 0F48,PI040298AD5I210985,2018-09-09 02:58:33,-1.0,0.1,10.34,10.72
Flower power 0F48,PI040298AD5I210985,2018-09-09 03:13:33,-1.0,0.1,10.2,10.66
Flower power 0F48,PI040298AD5I210985,2018-09-09 03:28:33,-1.0,0.1,10.07,10.55
Flower power 0F48,PI040298AD5I210985,2018-09-09 03:43:33,-1.0,0.1,10.34,10.31
Flower power 0F48,PI040298AD5I210985,2018-09-09 03:58:33,-1.0,0.1,10.34,10.37
Flower power 0F48,PI040298AD5I210985,2018-09-09 04:13:33,-1.0,0.1,10.34,10.19
Flower power 0F48,PI040298AD5I210985,2018-09-09 04:28:33,-1.0,0.1,10.34,9.96
Flower power 0F48,PI040298AD5I210985,2018-09-09 04:43:33,-1.0,0.1,10.2,10.02
Flower power 0F48,PI040298AD5I210985,2018-09-09 04:58:33,-1.0,0.1,10.07,9.78
Flower power 0F48,PI040298AD5I210985,2018-09-09 05:13:33,-1.0,0.1,10.2,9.84
Flower power 0F48,PI040298AD5I210985,2018-09-09 05:28:33,-1.0,0.1,10.47,9.66
Flower power 0F48,PI040298AD5I210985,2018-09-09 05:43:33,-1.0,0.1,10.6,9.42
Flower power 0F48,PI040298AD5I210985,2018-09-09 05:58:33,-1.0,0.1,10.2,9.18
Flower power 0F48,PI040298AD5I210985,2018-09-09 06:13:33,-1.0,0.71,10.07,9.42
Flower power 0F48,PI040298AD5I210985,2018-09-09 06:28:33,-1.0,2.29,10.07,10.31
Flower power 0F48,PI040298AD5I210985,2018-09-09 06:43:33,-1.0,4.25,10.07,11.54
Flower power 0F48,PI040298AD5I210985,2018-09-09 06:58:33,-1.0,6.15,10.2,13.12
Flower power 0F48,PI040298AD5I210985,2018-09-09 07:13:33,-1.0,7.53,10.34,14.05
Flower power 0F48,PI040298AD5I210985,2018-09-09 07:28:33,-1.0,9.39,10.34,15.5
Flower power 0F48,PI040298AD5I210985,2018-09-09 07:43:33,-1.0,13.65,9.94,17.53
Flower power 0F48,PI040298AD5I210985,2018-09-09 07:58:33,-1.0,42.92,10.34,19.53
Flower power 0F48,PI040298AD5I210985,2018-09-09 08:13:33,-1.0,51.81,10.2,23.05
Flower power 0F48,PI040298AD5I210985,2018-09-09 08:28:33,-1.0,61.88,10.2,29.75
Flower power 0F48,PI040298AD5I210985,2018-09-09 08:43:33,-1.0,73.25,10.07,34.01
Flower power 0F48,PI040298AD5I210985,2018-09-09 08:58:33,-1.0,80.28,10.2,37.8
Flower power 0F48,PI040298AD5I210985,2018-09-09 09:13:33,-1.0,86.47,10.34,40.92
Flower power 0F48,PI040298AD5I210985,2018-09-09 09:28:33,-1.0,93.67,9.8,43.54
Flower power 0F48,PI040298AD5I210985,2018-09-09 09:43:33,-1.0,102.12,10.47,45.98
Flower power 0F48,PI040298AD5I210985,2018-09-09 09:58:33,-1.0,109.8,10.2,47.86
Flower power 0F48,PI040298AD5I210985,2018-09-09 10:13:33,-1.0,116.0,10.07,49.82
Flower power 0F48,PI040298AD5I210985,2018-09-09 10:28:33,-1.0,99.14,10.2,49.94
Flower power 0F48,PI040298AD5I210985,2018-09-09 10:43:33,-1.0,127.48,10.47,51.44
Flower power 0F48,PI040298AD5I210985,2018-09-09 10:58:33,-1.0,117.33,10.2,50.47
Flower power 0F48,PI040298AD5I210985,2018-09-09 11:13:33,-1.0,132.37,10.2,51.38
Flower power 0F48,PI040298AD5I210985,2018-09-09 11:28:33,-1.0,135.84,9.94,54.33
Flower power 0F48,PI040298AD5I210985,2018-09-09 11:43:33,-1.0,137.64,10.2,53.24
Flower power 0F48,PI040298AD5I210985,2018-09-09 11:58:33,-1.0,132.37,9.94,54.98
Flower power 0F48,PI040298AD5I210985,2018-09-09 12:13:33,-1.0,135.84,10.34,55.0
Flower power 0F48,PI040298AD5I210985,2018-09-09 12:28:33,-1.0,143.34,10.07,54.59
Flower power 0F48,PI040298AD5I210985,2018-09-09 12:43:33,-1.0,61.88,9.94,51.93
Flower power 0F48,PI040298AD5I210985,2018-09-09 12:58:33,-1.0,145.34,10.07,51.81
Flower power 0F48,PI040298AD5I210985,2018-09-09 13:13:33,-1.0,135.84,10.34,55.0
Flower power 0F48,PI040298AD5I210985,2018-09-09 13:28:33,-1.0,145.34,10.34,55.0
Flower power 0F48,PI040298AD5I210985,2018-09-09 13:43:33,-1.0,134.09,9.94,49.47
Flower power 0F48,PI040298AD5I210985,2018-09-09 13:58:33,-1.0,125.93,10.34,47.75
Flower power 0F48,PI040298AD5I210985,2018-09-09 14:13:33,-1.0,120.06,10.34,45.33
Flower power 0F48,PI040298AD5I210985,2018-09-09 14:28:33,-1.0,107.49,10.07,44.59
Flower power 0F48,PI040298AD5I210985,2018-09-09 14:43:33,-1.0,109.8,10.34,45.17
Flower power 0F48,PI040298AD5I210985,2018-09-09 14:58:33,-1.0,38.33,10.34,36.92
Flower power 0F48,PI040298AD5I210985,2018-09-09 15:13:33,-1.0,18.67,10.07,29.08
Flower power 0F48,PI040298AD5I210985,2018-09-09 15:28:33,-1.0,17.57,10.6,27.53
Flower power 0F48,PI040298AD5I210985,2018-09-09 15:43:33,-1.0,18.09,10.2,26.78
Flower power 0F48,PI040298AD5I210985,2018-09-09 15:58:33,-1.0,20.44,10.34,26.46
Flower power 0F48,PI040298AD5I210985,2018-09-09 16:13:33,-1.0,14.7,10.2,25.79
Flower power 0F48,PI040298AD5I210985,2018-09-09 16:28:33,-1.0,13.57,10.34,25.43
Flower power 0F48,PI040298AD5I210985,2018-09-09 16:43:33,-1.0,12.38,10.34,25.11
Flower power 0F48,PI040298AD5I210985,2018-09-09 16:58:33,-1.0,11.47,10.47,24.57
Flower power 0F48,PI040298AD5I210985,2018-09-09 17:13:33,-1.0,10.42,9.8,24.25
Flower power 0F48,PI040298AD5I210985,2018-09-09 17:28:33,-1.0,9.41,10.47,24.02
Flower power 0F48,PI040298AD5I210985,2018-09-09 17:43:33,-1.0,7.9,9.94,23.56
Flower power 0F48,PI040298AD5I210985,2018-09-09 17:58:33,-1.0,6.4,10.2,23.05
Flower power 0F48,PI040298AD5I210985,2018-09-09 18:13:33,-1.0,4.77,10.2,22.54
Flower power 0F48,PI040298AD5I210985,2018-09-09 18:28:33,-1.0,2.82,10.34,21.97
Flower power 0F48,PI040298AD5I210985,2018-09-09 18:43:33,-1.0,1.09,9.94,21.6
Flower power 0F48,PI040298AD5I210985,2018-09-09 18:58:33,-1.0,0.17,10.07,20.93
Flower power 0F48,PI040298AD5I210985,2018-09-09 19:13:33,-1.0,0.1,10.07,20.69
Flower power 0F48,PI040298AD5I210985,2018-09-09 19:28:33,-1.0,0.1,10.2,20.21
Flower power 0F48,PI040298AD5I210985,2018-09-09 19:43:33,-1.0,0.1,10.2,21.07
Flower power 0F48,PI040298AD5I210985,2018-09-09 19:58:33,-1.0,0.1,10.34,20.74
Flower power 0F48,PI040298AD5I210985,2018-09-09 20:13:33,-1.0,0.1,9.94,19.57
Flower power 0F48,PI040298AD5I210985,2018-09-09 20:28:33,-1.0,0.1,10.34,20.5
Flower power 0F48,PI040298AD5I210985,2018-09-09 20:43:33,-1.0,0.1,10.2,21.36
Flower power 0F48,PI040298AD5I210985,2018-09-09 20:58:33,-1.0,0.1,10.47,21.83
Flower power 0F48,PI040298AD5I210985,2018-09-09 21:13:33,-1.0,0.1,9.94,21.31
Flower power 0F48,PI040298AD5I210985,2018-09-09 21:28:33,-1.0,0.1,10.07,21.64
Flower power 0F48,PI040298AD5I210985,2018-09-09 21:43:33,-1.0,0.1,10.34,20.83
Flower power 0F48,PI040298AD5I210985,2018-09-09 21:58:33,-1.0,0.1,10.34,20.5
Flower power 0F48,PI040298AD5I210985,2018-09-09 22:13:33,-1.0,0.1,10.07,19.18
Flower power 0F48,PI040298AD5I210985,2018-09-09 22:28:33,-1.0,0.1,10.2,18.54
Flower power 0F48,PI040298AD5I210985,2018-09-09 22:43:33,-1.0,0.1,10.07,17.53
Flower power 0F48,PI040298AD5I210985,2018-09-09 22:58:33,-1.0,0.1,10.2,16.55
Flower power 0F48,PI040298AD5I210985,2018-09-09 23:13:33,-1.0,0.1,9.94,16.19
Flower power 0F48,PI040298AD5I210985,2018-09-09 23:28:33,-1.0,0.1,10.07,15.72
Flower power 0F48,PI040298AD5I210985,2018-09-09 23:43:33,-1.0,0.1,10.2,16.29
Flower power 0F48,PI040298AD5I210985,2018-09-09 23:58:33,-1.0,0.1,10.2,16.14
Flower power 0F48,PI040298AD5I210985,2018-09-10 00:13:33,-1.0,0.1,10.07,15.98
Flower power 0F48,PI040298AD5I210985,2018-09-10 00:28:33,-1.0,0.1,9.94,15.77
Flower power 0F48,PI040298AD5I210985,2018-09-10 00:43:33,-1.0,0.1,10.47,15.45
Flower power 0F48,PI040298AD5I210985,2018-09-10 00:58:33,-1.0,0.1,10.2,15.03
Flower power 0F48,PI040298AD5I210985,2018-09-10 01:13:33,-1.0,0.1,10.47,14.54
Flower power 0F48,PI040298AD5I210985,2018-09-10 01:28:33,-1.0,0.1,10.47,14.27
Flower power 0F48,PI040298AD5I210985,2018-09-10 01:43:33,-1.0,0.1,10.2,14.65
Flower power 0F48,PI040298AD5I210985,2018-09-10 01:58:33,-1.0,0.1,10.07,14.16
Flower power 0F48,PI040298AD5I210985,2018-09-10 02:13:33,-1.0,0.1,10.47,14.11
Flower power 0F48,PI040298AD5I210985,2018-09-10 02:28:33,-1.0,0.1,9.8,14.0
Flower power 0F48,PI040298AD5I210985,2018-09-10 02:43:33,-1.0,0.1,9.8,13.95
Flower power 0F48,PI040298AD5I210985,2018-09-10 02:58:33,-1.0,0.1,10.2,13.95
Flower power 0F48,PI040298AD5I210985,2018-09-10 03:13:33,-1.0,0.1,10.07,13.62
Flower power 0F48,PI040298AD5I210985,2018-09-10 03:28:33,-1.0,0.1,10.2,13.28
Flower power 0F48,PI040298AD5I210985,2018-09-10 03:43:33,-1.0,0.1,9.8,13.28
Flower power 0F48,PI040298AD5I210985,2018-09-10 03:58:33,-1.0,0.1,10.07,13.06
Flower power 0F48,PI040298AD5I210985,2018-09-10 04:13:33,-1.0,0.1,9.94,13.17
Flower power 0F48,PI040298AD5I210985,2018-09-10 04:28:33,-1.0,0.1,10.07,13.12
Flower power 0F48,PI040298AD5I210985,2018-09-10 04:43:33,-1.0,0.1,10.2,13.23
Flower power 0F48,PI040298AD5I210985,2018-09-10 04:58:33,-1.0,0.1,9.94,13.34
Flower power 0F48,PI040298AD5I210985,2018-09-10 05:13:33,-1.0,0.1,10.2,13.17
Flower power 0F48,PI040298AD5I210985,2018-09-10 05:28:33,-1.0,0.1,10.2,13.01
Flower power 0F48,PI040298AD5I210985,2018-09-10 05:43:33,-1.0,0.1,9.94,12.95
Flower power 0F48,PI040298AD5I210985,2018-09-10 05:58:33,-1.0,0.1,9.94,12.9
Flower power 0F48,PI040298AD5I210985,2018-09-10 06:13:33,-1.0,0.67,10.47,12.95
Flower power 0F48,PI040298AD5I210985,2018-09-10 06:28:33,-1.0,2.24,10.34,13.51
Flower power 0F48,PI040298AD5I210985,2018-09-10 06:43:33,-1.0,4.12,9.94,14.38
Flower power 0F48,PI040298AD5I210985,2018-09-10 06:58:33,-1.0,5.78,10.47,15.77
Flower power 0F48,PI040298AD5I210985,2018-09-10 07:13:33,-1.0,7.09,10.07,17.02
Flower power 0F48,PI040298AD5I210985,2018-09-10 07:28:33,-1.0,9.07,10.2,18.49
Flower power 0F48,PI040298AD5I210985,2018-09-10 07:43:33,-1.0,14.85,10.07,21.22
Flower power 0F48,PI040298AD5I210985,2018-09-10 07:58:33,-1.0,37.73,10.34,24.7
Flower power 0F48,PI040298AD5I210985,2018-09-10 08:13:33,-1.0,56.9,10.47,28.82
Flower power 0F48,PI040298AD5I210985,2018-09-10 08:28:33,-1.0,60.74,10.07,32.36
Flower power 0F48,PI040298AD5I210985,2018-09-10 08:43:33,-1.0,72.19,10.2,36.73
Flower power 0F48,PI040298AD5I210985,2018-09-10 08:58:33,-1.0,79.64,10.2,39.94
Flower power 0F48,PI040298AD5I210985,2018-09-10 09:13:33,-1.0,85.74,10.07,43.49
Flower power 0F48,PI040298AD5I210985,2018-09-10 09:28:33,-1.0,93.67,10.07,45.49
Flower power 0F48,PI040298AD5I210985,2018-09-10 09:43:33,-1.0,101.11,10.2,47.58
Flower power 0F48,PI040298AD5I210985,2018-09-10 09:58:33,-1.0,109.8,10.07,47.92
Flower power 0F48,PI040298AD5I210985,2018-09-10 10:13:33,-1.0,117.33,9.94,49.7
Flower power 0F48,PI040298AD5I210985,2018-09-10 10:28:33,-1.0,121.48,10.2,51.81
Flower power 0F48,PI040298AD5I210985,2018-09-10 10:43:33,-1.0,125.93,9.94,53.43
Flower power 0F48,PI040298AD5I210985,2018-09-10 10:58:33,-1.0,129.07,9.94,52.86
Flower power 0F48,PI040298AD5I210985,2018-09-10 11:13:33,-1.0,132.37,10.2,55.0
Flower power 0F48,PI040298AD5I210985,2018-09-10 11:28:33,-1.0,135.84,10.34,55.0
Flower power 0F48,PI040298AD5I210985,2018-09-10 11:43:33,-1.0,137.64,10.34,55.0
Flower power 0F48,PI040298AD5I210985,2018-09-10 11:58:33,-1.0,139.49,9.8,55.0
Flower power 0F48,PI040298AD5I210985,2018-09-10 12:13:33,-1.0,139.49,9.94,55.0
Flower power 0F48,PI040298AD5I210985,2018-09-10 12:28:33,-1.0,139.49,9.94,55.0
Flower power 0F48,PI040298AD5I210985,2018-09-10 12:43:33,-1.0,139.49,9.94,55.0
Flower power 0F48,PI040298AD5I210985,2018-09-10 12:58:33,-1.0,139.49,9.8,55.0
Flower power 0F48,PI040298AD5I210985,2018-09-10 13:13:33,-1.0,139.49,10.2,55.0
Flower power 0F48,PI040298AD5I210985,2018-09-10 13:28:33,-1.0,137.64,10.2,54.46
Flower power 0F48,PI040298AD5I210985,2018-09-10 13:43:33,-1.0,132.37,10.34,54.07
Flower power 0F48,PI040298AD5I210985,2018-09-10 13:58:33,-1.0,129.07,9.94,52.49
Flower power 0F48,PI040298AD5I210985,2018-09-10 14:13:33,-1.0,122.93,10.07,52.05
Flower power 0F48,PI040298AD5I210985,2018-09-10 14:28:33,-1.0,96.33,10.47,49.24
Flower power 0F48,PI040298AD5I210985,2018-09-10 14:43:33,-1.0,89.53,10.47,47.47
Flower power 0F48,PI040298AD5I210985,2018-09-10 14:58:33,-1.0,37.44,10.2,38.18
Flower power 0F48,PI040298AD5I210985,2018-09-10 15:13:33,-1.0,14.0,10.47,31.73
Flower power 0F48,PI040298AD5I210985,2018-09-10 15:28:33,-1.0,13.29,10.2,29.97
Flower power 0F48,PI040298AD5I210985,2018-09-10 15:43:33,-1.0,12.93,10.34,29.0
Flower power 0F48,PI040298AD5I210985,2018-09-10 15:58:33,-1.0,13.33,10.47,28.82
Flower power 0F48,PI040298AD5I210985,2018-09-10 16:13:33,-1.0,11.34,9.8,28.77
Flower power 0F48,PI040298AD5I210985,2018-09-10 16:28:33,-1.0,10.77,10.2,28.64
Flower power 0F48,PI040298AD5I210985,2018-09-10 16:43:33,-1.0,9.81,10.47,28.73
Flower power 0F48,PI040298AD5I210985,2018-09-10 16:58:33,-1.0,9.82,10.2,28.51
Flower power 0F48,PI040298AD5I210985,2018-09-10 17:13:33,-1.0,9.22,10.47,28.46
Flower power 0F48,PI040298AD5I210985,2018-09-10 17:28:33,-1.0,8.81,9.8,28.07
Flower power 0F48,PI040298AD5I210985,2018-09-10 17:43:33,-1.0,7.46,10.34,27.76
Flower power 0F48,PI040298AD5I210985,2018-09-10 17:58:33,-1.0,6.2,10.34,27.09
Flower power 0F48,PI040298AD5I210985,2018-09-10 18:13:33,-1.0,4.65,10.47,25.61
Flower power 0F48,PI040298AD5I210985,2018-09-10 18:28:33,-1.0,2.76,10.07,23.93
Flower power 0F48,PI040298AD5I210985,2018-09-10 18:43:33,-1.0,0.98,10.07,22.26
Flower power 0F48,PI040298AD5I210985,2018-09-10 18:58:33,-1.0,0.13,10.34,20.79
Flower power 0F48,PI040298AD5I210985,2018-09-10 19:13:33,-1.0,0.1,9.8,20.98
Flower power 0F48,PI040298AD5I210985,2018-09-10 19:28:33,-1.0,0.1,10.2,23.37
Flower power 0F48,PI040298AD5I210985,2018-09-10 19:43:33,-1.0,0.1,10.2,23.42
Flower power 0F48,PI040298AD5I210985,2018-09-10 19:58:33,-1.0,0.1,10.34,23.33
Flower power 0F48,PI040298AD5I210985,2018-09-10 20:13:33,-1.0,0.1,10.34,22.21
Flower power 0F48,PI040298AD5I210985,2018-09-10 20:28:33,-1.0,0.1,9.94,19.53
Flower power 0F48,PI040298AD5I210985,2018-09-10 20:43:33,-1.0,0.1,10.34,18.59
Flower power 0F48,PI040298AD5I210985,2018-09-10 20:58:33,-1.0,0.1,10.2,17.88
Flower power 0F48,PI040298AD5I210985,2018-09-10 21:13:33,-1.0,0.1,9.94,17.68
Flower power 0F48,PI040298AD5I210985,2018-09-10 21:28:33,-1.0,0.1,9.94,17.38
Flower power 0F48,PI040298AD5I210985,2018-09-10 21:43:33,-1.0,0.1,10.2,17.12
Flower power 0F48,PI040298AD5I210985,2018-09-10 21:58:33,-1.0,0.1,10.2,16.91
Flower power 0F48,PI040298AD5I210985,2018-09-10 22:13:33,-1.0,0.1,10.34,16.6
Flower power 0F48,PI040298AD5I210985,2018-09-10 22:28:33,-1.0,0.1,10.2,16.5
Flower power 0F48,PI040298AD5I210985,2018-09-10 22:43:33,-1.0,0.1,10.07,16.55
Flower power 0F48,PI040298AD5I210985,2018-09-10 22:58:33,-1.0,0.1,9.94,16.4
Flower power 0F48,PI040298AD5I210985,2018-09-10 23:13:33,-1.0,0.1,10.07,16.19
Flower power 0F48,PI040298AD5I210985,2018-09-10 23:28:33,-1.0,0.1,10.47,18.74
Flower power 0F48,PI040298AD5I210985,2018-09-10 23:43:33,-1.0,0.1,10.07,18.88
Flower power 0F48,PI040298AD5I210985,2018-09-10 23:58:33,-1.0,0.1,10.07,16.6
Flower power 0F48,PI040298AD5I210985,2018-09-11 00:13:33,-1.0,0.1,9.94,15.93
Flower power 0F48,PI040298AD5I210985,2018-09-11 00:28:33,-1.0,0.1,9.8,15.35
Flower power 0F48,PI040298AD5I210985,2018-09-11 00:43:33,-1.0,0.1,10.47,15.45
Flower power 0F48,PI040298AD5I210985,2018-09-11 00:58:33,-1.0,0.1,10.2,15.4
Flower power 0F48,PI040298AD5I210985,2018-09-11 01:13:33,-1.0,0.1,10.47,16.03
Flower power 0F48,PI040298AD5I210985,2018-09-11 01:28:33,-1.0,0.1,9.94,15.87
Flower power 0F48,PI040298AD5I210985,2018-09-11 01:43:33,-1.0,0.1,10.07,15.93
Flower power 0F48,PI040298AD5I210985,2018-09-11 01:58:33,-1.0,0.1,10.34,15.5
Flower power 0F48,PI040298AD5I210985,2018-09-11 02:13:33,-1.0,0.1,10.2,15.4
Flower power 0F48,PI040298AD5I210985,2018-09-11 02:28:33,-1.0,0.1,9.94,15.35
Flower power 0F48,PI040298AD5I210985,2018-09-11 02:43:33,-1.0,0.1,9.94,15.5
Flower power 0F48,PI040298AD5I210985,2018-09-11 02:58:33,-1.0,0.1,9.8,15.45
Flower power 0F48,PI040298AD5I210985,2018-09-11 03:13:33,-1.0,0.1,9.8,15.5
Flower power 0F48,PI040298AD5I210985,2018-09-11 03:28:33,-1.0,0.1,10.07,15.77
Flower power 0F48,PI040298AD5I210985,2018-09-11 03:43:33,-1.0,0.1,10.07,15.77
Flower power 0F48,PI040298AD5I210985,2018-09-11 03:58:33,-1.0,0.1,10.2,15.82
Flower power 0F48,PI040298AD5I210985,2018-09-11 04:13:33,-1.0,0.1,9.94,15.56
Flower power 0F48,PI040298AD5I210985,2018-09-11 04:28:33,-1.0,0.1,9.94,15.66
Flower power 0F48,PI040298AD5I210985,2018-09-11 04:43:33,-1.0,0.1,10.2,15.56
Flower power 0F48,PI040298AD5I210985,2018-09-11 04:58:33,-1.0,0.1,9.67,15.66
Flower power 0F48,PI040298AD5I210985,2018-09-11 05:13:33,-1.0,0.1,9.8,15.72
Flower power 0F48,PI040298AD5I210985,2018-09-11 05:28:33,-1.0,0.1,9.94,15.72
Flower power 0F48,PI040298AD5I210985,2018-09-11 05:43:33,-1.0,0.1,10.2,15.56
Flower power 0F48,PI040298AD5I210985,2018-09-11 05:58:33,-1.0,0.1,10.2,15.56
Flower power 0F48,PI040298AD5I210985,2018-09-11 06:13:33,-1.0,0.64,10.2,15.61
Flower power 0F48,PI040298AD5I210985,2018-09-11 06:28:33,-1.0,2.2,10.34,16.03
Flower power 0F48,PI040298AD5I210985,2018-09-11 06:43:33,-1.0,4.12,10.2,16.76
Flower power 0F48,PI040298AD5I210985,2018-09-11 06:58:33,-1.0,5.78,10.34,17.78
Flower power 0F48,PI040298AD5I210985,2018-09-11 07:13:33,-1.0,7.09,9.94,19.08
Flower power 0F48,PI040298AD5I210985,2018-09-11 07:28:33,-1.0,9.02,10.2,20.35
Flower power 0F48,PI040298AD5I210985,2018-09-11 07:43:33,-1.0,14.66,9.94,23.24
Flower power 0F48,PI040298AD5I210985,2018-09-11 07:58:33,-1.0,37.59,10.34,26.55
Flower power 0F48,PI040298AD5I210985,2018-09-11 08:13:33,-1.0,53.21,9.8,30.45
Flower power 0F48,PI040298AD5I210985,2018-09-11 08:28:33,-1.0,61.12,10.07,34.05
Flower power 0F48,PI040298AD5I210985,2018-09-11 08:43:33,-1.0,71.17,9.8,38.84
Flower power 0F48,PI040298AD5I210985,2018-09-11 08:58:33,-1.0,78.4,10.34,41.91
Flower power 0F48,PI040298AD5I210985,2018-09-11 09:13:33,-1.0,84.31,10.07,44.53
Flower power 0F48,PI040298AD5I210985,2018-09-11 09:28:33,-1.0,91.14,10.07,47.86
Flower power 0F48,PI040298AD5I210985,2018-09-11 09:43:33,-1.0,100.12,10.34,48.95
Flower power 0F48,PI040298AD5I210985,2018-09-11 09:58:33,-1.0,107.49,10.34,50.06
Flower power 0F48,PI040298AD5I210985,2018-09-11 10:13:33,-1.0,113.44,10.34,50.89
Flower power 0F48,PI040298AD5I210985,2018-09-11 10:28:33,-1.0,118.68,10.07,52.55
Flower power 0F48,PI040298AD5I210985,2018-09-11 10:43:33,-1.0,114.71,10.07,54.01
Flower power 0F48,PI040298AD5I210985,2018-09-11 10:58:33,-1.0,127.48,10.2,53.81
Flower power 0F48,PI040298AD5I210985,2018-09-11 11:13:33,-1.0,129.07,10.34,53.56
Flower power 0F48,PI040298AD5I210985,2018-09-11 11:28:33,-1.0,134.09,9.94,55.0
Flower power 0F48,PI040298AD5I210985,2018-09-11 11:43:33,-1.0,135.84,10.07,55.0
Flower power 0F48,PI040298AD5I210985,2018-09-11 11:58:33,-1.0,137.64,10.2,55.0
Flower power 0F48,PI040298AD5I210985,2018-09-11 12:13:33,-1.0,139.49,10.07,55.0
Flower power 0F48,PI040298AD5I210985,2018-09-11 12:28:33,-1.0,137.64,9.94,55.0
Flower power 0F48,PI040298AD5I210985,2018-09-11 12:43:33,-1.0,137.64,10.34,55.0
Flower power 0F48,PI040298AD5I210985,2018-09-11 12:58:33,-1.0,137.64,10.34,54.46
Flower power 0F48,PI040298AD5I210985,2018-09-11 13:13:33,-1.0,135.84,10.2,53.69
Flower power 0F48,PI040298AD5I210985,2018-09-11 13:28:33,-1.0,135.84,10.2,53.94
Flower power 0F48,PI040298AD5I210985,2018-09-11 13:43:33,-1.0,130.7,10.2,53.43
Flower power 0F48,PI040298AD5I210985,2018-09-11 13:58:33,-1.0,125.93,10.2,51.32
Flower power 0F48,PI040298AD5I210985,2018-09-11 14:13:33,-1.0,121.48,9.8,50.65
Flower power 0F48,PI040298AD5I210985,2018-09-11 14:28:33,-1.0,107.49,10.2,49.06
Flower power 0F48,PI040298AD5I210985,2018-09-11 14:43:33,-1.0,106.38,10.34,46.91
Flower power 0F48,PI040298AD5I210985,2018-09-11 14:58:33,-1.0,25.93,10.07,34.54
Flower power 0F48,PI040298AD5I210985,2018-09-11 15:13:33,-1.0,29.76,10.47,31.82
Flower power 0F48,PI040298AD5I210985,2018-09-11 15:28:33,-1.0,17.38,10.2,30.94
Flower power 0F48,PI040298AD5I210985,2018-09-11 15:43:33,-1.0,16.99,9.94,29.97
Flower power 0F48,PI040298AD5I210985,2018-09-11 15:58:33,-1.0,13.96,10.47,29.57
Flower power 0F48,PI040298AD5I210985,2018-09-11 16:13:33,-1.0,13.15,10.2,29.04
Flower power 0F48,PI040298AD5I210985,2018-09-11 16:28:33,-1.0,13.88,10.2,29.04
Flower power 0F48,PI040298AD5I210985,2018-09-11 16:43:33,-1.0,12.03,10.47,28.91
Flower power 0F48,PI040298AD5I210985,2018-09-11 16:58:33,-1.0,10.91,10.34,28.33
Flower power 0F48,PI040298AD5I210985,2018-09-11 17:13:33,-1.0,9.25,10.34,27.84
Flower power 0F48,PI040298AD5I210985,2018-09-11 17:28:33,-1.0,8.06,10.34,27.22
Flower power 0F48,PI040298AD5I210985,2018-09-11 17:43:33,-1.0,6.83,10.07,27.09
Flower power 0F48,PI040298AD5I210985,2018-09-11 17:58:33,-1.0,5.71,10.07,26.86
Flower power 0F48,PI040298AD5I210985,2018-09-11 18:13:33,-1.0,4.17,10.2,26.01
Flower power 0F48,PI040298AD5I210985,2018-09-11 18:28:33,-1.0,2.43,10.34,25.47
Flower power 0F48,PI040298AD5I210985,2018-09-11 18:43:33,-1.0,0.84,9.94,24.57
Flower power 0F48,PI040298AD5I210985,2018-09-11 18:58:33,-1.0,0.1,10.2,23.51
Flower power 0F48,PI040298AD5I210985,2018-09-11 19:13:33,-1.0,0.1,10.07,22.96
Flower power 0F48,PI040298AD5I210985,2018-09-11 19:28:33,-1.0,0.1,10.07,21.83
Flower power 0F48,PI040298AD5I210985,2018-09-11 19:43:33,-1.0,0.1,10.2,21.93
Flower power 0F48,PI040298AD5I210985,2018-09-11 19:58:33,-1.0,0.1,10.2,21.97
Flower power 0F48,PI040298AD5I210985,2018-09-11 20:13:33,-1.0,0.1,9.94,22.12
Flower power 0F48,PI040298AD5I210985,2018-09-11 20:28:33,-1.0,0.1,10.34,21.88
Flower power 0F48,PI040298AD5I210985,2018-09-11 20:43:33,-1.0,0.1,10.34,21.5
Flower power 0F48,PI040298AD5I210985,2018-09-11 20:58:33,-1.0,0.1,10.47,20.74
Flower power 0F48,PI040298AD5I210985,2018-09-11 21:13:33,-1.0,0.1,9.94,20.69
Flower power 0F48,PI040298AD5I210985,2018-09-11 21:28:33,-1.0,0.1,10.07,21.12
Flower power 0F48,PI040298AD5I210985,2018-09-11 21:43:33,-1.0,0.1,10.2,20.11
Flower power 0F48,PI040298AD5I210985,2018-09-11 21:58:33,-1.0,0.1,10.34,19.62
Flower power 0F48,PI040298AD5I210985,2018-09-11 22:13:33,-1.0,0.1,9.8,19.53
Flower power 0F48,PI040298AD5I210985,2018-09-11 22:28:33,-1.0,0.1,9.8,19.18
Flower power 0F48,PI040298AD5I210985,2018-09-11 22:43:33,-1.0,0.1,10.34,18.93
Flower power 0F48,PI040298AD5I210985,2018-09-11 22:58:33,-1.0,0.1,9.8,18.19
Flower power 0F48,PI040298AD5I210985,2018-09-11 23:13:33,-1.0,0.1,10.34,18.19
Flower power 0F48,PI040298AD5I210985,2018-09-11 23:28:33,-1.0,0.1,9.67,17.93
Flower power 0F48,PI040298AD5I210985,2018-09-11 23:43:33,-1.0,0.1,10.2,18.13
Flower power 0F48,PI040298AD5I210985,2018-09-11 23:58:33,-1.0,0.1,10.07,17.73
Flower power 0F48,PI040298AD5I210985,2018-09-12 00:13:33,-1.0,0.1,9.94,17.63
Flower power 0F48,PI040298AD5I210985,2018-09-12 00:28:33,-1.0,0.1,9.94,17.17
Flower power 0F48,PI040298AD5I210985,2018-09-12 00:43:33,-1.0,0.1,10.07,16.86
Flower power 0F48,PI040298AD5I210985,2018-09-12 00:58:33,-1.0,0.1,10.2,16.6
Flower power 0F48,PI040298AD5I210985,2018-09-12 01:13:33,-1.0,0.1,10.2,16.19
Flower power 0F48,PI040298AD5I210985,2018-09-12 01:28:33,-1.0,0.1,10.2,16.08
Flower power 0F48,PI040298AD5I210985,2018-09-12 01:43:33,-1.0,0.1,10.2,16.19
Flower power 0F48,PI040298AD5I210985,2018-09-12 01:58:33,-1.0,0.1,10.2,16.08
Flower power 0F48,PI040298AD5I210985,2018-09-12 02:13:33,-1.0,0.1,10.2,16.08
Flower power 0F48,PI040298AD5I210985,2018-09-12 02:28:33,-1.0,0.1,9.8,15.93
Flower power 0F48,PI040298AD5I210985,2018-09-12 02:43:33,-1.0,0.1,10.2,15.93
Flower power 0F48,PI040298AD5I210985,2018-09-12 02:58:33,-1.0,0.1,10.07,15.82
Flower power 0F48,PI040298AD5I210985,2018-09-12 03:13:33,-1.0,0.1,10.07,15.93
Flower power 0F48,PI040298AD5I210985,2018-09-12 03:28:33,-1.0,0.1,9.94,15.61
Flower power 0F48,PI040298AD5I210985,2018-09-12 03:43:33,-1.0,0.1,9.67,15.5
Flower power 0F48,PI040298AD5I210985,2018-09-12 03:58:33,-1.0,0.1,10.07,16.14
Flower power 0F48,PI040298AD5I210985,2018-09-12 04:13:33,-1.0,0.1,10.2,16.03
Flower power 0F48,PI040298AD5I210985,2018-09-12 04:28:33,-1.0,0.1,10.2,15.5
Flower power 0F48,PI040298AD5I210985,2018-09-12 04:43:33,-1.0,0.1,10.2,15.08
Flower power 0F48,PI040298AD5I210985,2018-09-12 04:58:33,-1.0,0.1,9.67,15.03
Flower power 0F48,PI040298AD5I210985,2018-09-12 05:13:33,-1.0,0.1,10.2,15.13
Flower power 0F48,PI040298AD5I210985,2018-09-12 05:28:33,-1.0,0.1,10.07,15.24
Flower power 0F48,PI040298AD5I210985,2018-09-12 05:43:33,-1.0,0.1,9.8,15.5
Flower power 0F48,PI040298AD5I210985,2018-09-12 05:58:33,-1.0,0.1,10.07,15.5
Flower power 0F48,PI040298AD5I210985,2018-09-12 06:13:33,-1.0,0.58,10.34,15.72
Flower power 0F48,PI040298AD5I210985,2018-09-12 06:28:33,-1.0,2.08,10.07,16.19
Flower power 0F48,PI040298AD5I210985,2018-09-12 06:43:33,-1.0,4.35,9.8,17.27
Flower power 0F48,PI040298AD5I210985,2018-09-12 06:58:33,-1.0,6.61,9.67,18.69
Flower power 0F48,PI040298AD5I210985,2018-09-12 07:13:33,-1.0,8.85,10.34,20.35
Flower power 0F48,PI040298AD5I210985,2018-09-12 07:28:33,-1.0,11.44,9.94,22.02
Flower power 0F48,PI040298AD5I210985,2018-09-12 07:43:33,-1.0,15.34,10.07,24.52
Flower power 0F48,PI040298AD5I210985,2018-09-12 07:58:33,-1.0,31.53,10.07,26.95
Flower power 0F48,PI040298AD5I210985,2018-09-12 08:13:33,-1.0,44.49,9.67,30.36
Flower power 0F48,PI040298AD5I210985,2018-09-12 08:28:33,-1.0,58.24,10.34,33.96
Flower power 0F48,PI040298AD5I210985,2018-09-12 08:43:33,-1.0,66.43,10.07,38.04
Flower power 0F48,PI040298AD5I210985,2018-09-12 08:58:33,-1.0,73.79,10.07,41.46
Flower power 0F48,PI040298AD5I210985,2018-09-12 09:13:33,-1.0,79.64,10.2,43.13
Flower power 0F48,PI040298AD5I210985,2018-09-12 09:28:33,-1.0,87.22,10.2,45.55
Flower power 0F48,PI040298AD5I210985,2018-09-12 09:43:33,-1.0,94.54,10.2,47.3
Flower power 0F48,PI040298AD5I210985,2018-09-12 09:58:33,-1.0,103.16,9.94,48.6
Flower power 0F48,PI040298AD5I210985,2018-09-12 10:13:33,-1.0,108.63,9.94,50.0
Flower power 0F48,PI040298AD5I210985,2018-09-12 10:28:33,-1.0,116.0,9.94,51.38
Flower power 0F48,PI040298AD5I210985,2018-09-12 10:43:33,-1.0,100.12,10.2,52.49
Flower power 0F48,PI040298AD5I210985,2018-09-12 10:58:33,-1.0,122.93,10.2,53.88
Flower power 0F48,PI040298AD5I210985,2018-09-12 11:13:33,-1.0,121.48,10.2,54.92
Flower power 0F48,PI040298AD5I210985,2018-09-12 11:28:33,-1.0,130.7,10.2,54.46
Flower power 0F48,PI040298AD5I210985,2018-09-12 11:43:33,-1.0,132.37,10.07,54.26
Flower power 0F48,PI040298AD5I210985,2018-09-12 11:58:33,-1.0,134.09,10.07,55.0
Flower power 0F48,PI040298AD5I210985,2018-09-12 12:13:33,-1.0,135.84,9.94,55.0
Flower power 0F48,PI040298AD5I210985,2018-09-12 12:28:33,-1.0,135.84,10.2,54.78
Flower power 0F48,PI040298AD5I210985,2018-09-12 12:43:33,-1.0,135.84,9.94,55.0
Flower power 0F48,PI040298AD5I210985,2018-09-12 12:58:33,-1.0,135.84,9.94,55.0
Flower power 0F48,PI040298AD5I210985,2018-09-12 13:13:33,-1.0,135.84,10.07,53.69
Flower power 0F48,PI040298AD5I210985,2018-09-12 13:28:33,-1.0,134.09,9.94,54.39
Flower power 0F48,PI040298AD5I210985,2018-09-12 13:43:33,-1.0,130.7,10.2,52.3
Flower power 0F48,PI040298AD5I210985,2018-09-12 13:58:33,-1.0,124.41,9.94,51.62
Flower power 0F48,PI040298AD5I210985,2018-09-12 14:13:33,-1.0,104.21,10.34,50.24
Flower power 0F48,PI040298AD5I210985,2018-09-12 14:28:33,-1.0,113.44,10.07,48.43
Flower power 0F48,PI040298AD5I210985,2018-09-12 14:43:33,-1.0,43.5,10.34,46.14
Flower power 0F48,PI040298AD5I210985,2018-09-12 14:58:33,-1.0,28.42,10.2,34.41
Flower power 0F48,PI040298AD5I210985,2018-09-12 15:13:33,-1.0,18.94,10.47,31.25
Flower power 0F48,PI040298AD5I210985,2018-09-12 15:28:33,-1.0,18.13,10.07,30.06
Flower power 0F48,PI040298AD5I210985,2018-09-12 15:43:33,-1.0,16.53,10.34,29.22
Flower power 0F48,PI040298AD5I210985,2018-09-12 15:58:33,-1.0,15.09,10.47,28.64
Flower power 0F48,PI040298AD5I210985,2018-09-12 16:13:33,-1.0,13.63,10.34,28.15
Flower power 0F48,PI040298AD5I210985,2018-09-12 16:28:33,-1.0,12.71,10.2,27.71
Flower power 0F48,PI040298AD5I210985,2018-09-12 16:43:33,-1.0,11.51,10.07,27.22
Flower power 0F48,PI040298AD5I210985,2018-09-12 16:58:33,-1.0,10.23,10.07,26.69
Flower power 0F48,PI040298AD5I210985,2018-09-12 17:13:33,-1.0,9.2,10.47,26.33
Flower power 0F48,PI040298AD5I210985,2018-09-12 17:28:33,-1.0,8.47,10.34,25.88
Flower power 0F48,PI040298AD5I210985,2018-09-12 17:43:33,-1.0,7.18,9.94,25.52
Flower power 0F48,PI040298AD5I210985,2018-09-12 17:58:33,-1.0,6.02,10.2,25.2
Flower power 0F48,PI040298AD5I210985,2018-09-12 18:13:33,-1.0,4.2,9.94,24.84
Flower power 0F48,PI040298AD5I210985,2018-09-12 18:28:33,-1.0,2.33,9.94,24.02
Flower power 0F48,PI040298AD5I210985,2018-09-12 18:43:33,-1.0,0.76,10.07,23.24
Flower power 0F48,PI040298AD5I210985,2018-09-12 18:58:33,-1.0,0.1,10.2,21.93
Flower power 0F48,PI040298AD5I210985,2018-09-12 19:13:33,-1.0,0.1,10.07,19.82
Flower power 0F48,PI040298AD5I210985,2018-09-12 19:28:33,-1.0,0.1,10.07,18.93
Flower power 0F48,PI040298AD5I210985,2018-09-12 19:43:33,-1.0,0.1,10.07,18.54
Flower power 0F48,PI040298AD5I210985,2018-09-12 19:58:33,-1.0,0.1,10.34,18.29
Flower power 0F48,PI040298AD5I210985,2018-09-12 20:13:33,-1.0,0.1,10.07,17.98
Flower power 0F48,PI040298AD5I210985,2018-09-12 20:28:33,-1.0,0.1,9.8,17.63
Flower power 0F48,PI040298AD5I210985,2018-09-12 20:43:33,-1.0,0.1,10.07,17.53
Flower power 0F48,PI040298AD5I210985,2018-09-12 20:58:33,-1.0,0.1,9.94,17.63
Flower power 0F48,PI040298AD5I210985,2018-09-12 21:13:33,-1.0,0.1,10.07,17.22
Flower power 0F48,PI040298AD5I210985,2018-09-12 21:28:33,-1.0,0.1,9.94,16.76
Flower power 0F48,PI040298AD5I210985,2018-09-12 21:43:33,-1.0,0.1,10.2,16.4
Flower power 0F48,PI040298AD5I210985,2018-09-12 21:58:33,-1.0,0.1,9.94,16.34
Flower power 0F48,PI040298AD5I210985,2018-09-12 22:13:33,-1.0,0.1,10.34,16.24
Flower power 0F48,PI040298AD5I210985,2018-09-12 22:28:33,-1.0,0.1,10.47,16.19
Flower power 0F48,PI040298AD5I210985,2018-09-12 22:43:33,-1.0,0.1,10.2,16.19
Flower power 0F48,PI040298AD5I210985,2018-09-12 22:58:33,-1.0,0.1,9.94,16.03
Flower power 0F48,PI040298AD5I210985,2018-09-12 23:13:33,-1.0,0.1,10.2,15.61
Flower power 0F48,PI040298AD5I210985,2018-09-12 23:28:33,-1.0,0.1,10.2,15.45
Flower power 0F48,PI040298AD5I210985,2018-09-12 23:43:33,-1.0,0.1,10.07,15.66
Flower power 0F48,PI040298AD5I210985,2018-09-12 23:58:33,-1.0,0.1,9.94,15.56
Flower power 0F48,PI040298AD5I210985,2018-09-13 00:13:33,-1.0,0.1,10.2,15.5
Flower power 0F48,PI040298AD5I210985,2018-09-13 00:28:33,-1.0,0.1,10.07,15.56
Flower power 0F48,PI040298AD5I210985,2018-09-13 00:43:33,-1.0,0.1,10.07,15.35
Flower power 0F48,PI040298AD5I210985,2018-09-13 00:58:33,-1.0,0.1,10.2,15.45
Flower power 0F48,PI040298AD5I210985,2018-09-13 01:13:33,-1.0,0.1,10.2,15.66
Flower power 0F48,PI040298AD5I210985,2018-09-13 01:28:33,-1.0,0.1,9.94,16.4
Flower power 0F48,PI040298AD5I210985,2018-09-13 01:43:33,-1.0,0.1,9.67,16.34
Flower power 0F48,PI040298AD5I210985,2018-09-13 01:58:33,-1.0,0.1,10.34,15.82
Flower power 0F48,PI040298AD5I210985,2018-09-13 02:13:33,-1.0,0.1,10.07,15.72
Flower power 0F48,PI040298AD5I210985,2018-09-13 02:28:33,-1.0,0.1,10.34,15.61
Flower power 0F48,PI040298AD5I210985,2018-09-13 02:43:33,-1.0,0.1,10.2,15.72
Flower power 0F48,PI040298AD5I210985,2018-09-13 02:58:33,-1.0,0.1,10.2,15.72
Flower power 0F48,PI040298AD5I210985,2018-09-13 03:13:33,-1.0,0.1,9.94,15.45
Flower power 0F48,PI040298AD5I210985,2018-09-13 03:28:33,-1.0,0.1,10.34,15.56
Flower power 0F48,PI040298AD5I210985,2018-09-13 03:43:33,-1.0,0.1,10.2,15.82
Flower power 0F48,PI040298AD5I210985,2018-09-13 03:58:33,-1.0,0.1,10.07,15.82
Flower power 0F48,PI040298AD5I210985,2018-09-13 04:13:33,-1.0,0.1,9.8,15.82
Flower power 0F48,PI040298AD5I210985,2018-09-13 04:28:33,-1.0,0.1,10.34,16.66
Flower power 0F48,PI040298AD5I210985,2018-09-13 04:43:33,-1.0,0.1,9.67,16.66
Flower power 0F48,PI040298AD5I210985,2018-09-13 04:58:33,-1.0,0.1,9.94,16.29
Flower power 0F48,PI040298AD5I210985,2018-09-13 05:13:33,-1.0,0.1,9.94,16.4
Flower power 0F48,PI040298AD5I210985,2018-09-13 05:28:33,-1.0,0.1,10.07,16.6
Flower power 0F48,PI040298AD5I210985,2018-09-13 05:43:33,-1.0,0.1,10.07,16.34
Flower power 0F48,PI040298AD5I210985,2018-09-13 05:58:33,-1.0,0.1,10.34,16.19
Flower power 0F48,PI040298AD5I210985,2018-09-13 06:13:33,-1.0,0.45,9.94,16.55
Flower power 0F48,PI040298AD5I210985,2018-09-13 06:28:33,-1.0,1.73,10.07,16.29
Flower power 0F48,PI040298AD5I210985,2018-09-13 06:43:33,-1.0,3.67,10.2,16.91
Flower power 0F48,PI040298AD5I210985,2018-09-13 06:58:33,-1.0,5.67,9.8,18.19
Flower power 0F48,PI040298AD5I210985,2018-09-13 07:13:33,-1.0,7.44,9.94,19.03
Flower power 0F48,PI040298AD5I210985,2018-09-13 07:28:33,-1.0,9.4,9.8,19.82
Flower power 0F48,PI040298AD5I210985,2018-09-13 07:43:33,-1.0,11.62,10.07,21.26
Flower power 0F48,PI040298AD5I210985,2018-09-13 07:58:33,-1.0,24.77,10.34,22.91
Flower power 0F48,PI040298AD5I210985,2018-09-13 08:13:33,-1.0,51.26,10.07,25.65
Flower power 0F48,PI040298AD5I210985,2018-09-13 08:28:33,-1.0,52.92,10.2,30.72
Flower power 0F48,PI040298AD5I210985,2018-09-13 08:43:33,-1.0,65.99,10.07,34.19
Flower power 0F48,PI040298AD5I210985,2018-09-13 08:58:33,-1.0,73.79,10.07,38.08
Flower power 0F48,PI040298AD5I210985,2018-09-13 09:13:33,-1.0,80.28,10.2,41.56
Flower power 0F48,PI040298AD5I210985,2018-09-13 09:28:33,-1.0,87.98,9.8,44.37
Flower power 0F48,PI040298AD5I210985,2018-09-13 09:43:33,-1.0,95.43,10.07,46.69
Flower power 0F48,PI040298AD5I210985,2018-09-13 09:58:33,-1.0,102.12,10.34,48.43
Flower power 0F48,PI040298AD5I210985,2018-09-13 10:13:33,-1.0,108.63,9.8,50.12
Flower power 0F48,PI040298AD5I210985,2018-09-13 10:28:33,-1.0,114.71,10.07,51.68
Flower power 0F48,PI040298AD5I210985,2018-09-13 10:43:33,-1.0,106.38,9.94,53.24
Flower power 0F48,PI040298AD5I210985,2018-09-13 10:58:33,-1.0,124.41,10.07,54.2
Flower power 0F48,PI040298AD5I210985,2018-09-13 11:13:33,-1.0,127.48,10.07,55.0
Flower power 0F48,PI040298AD5I210985,2018-09-13 11:28:33,-1.0,124.41,10.34,55.0
Flower power 0F48,PI040298AD5I210985,2018-09-13 11:43:33,-1.0,132.37,9.94,55.0
Flower power 0F48,PI040298AD5I210985,2018-09-13 11:58:33,-1.0,134.09,10.07,55.0
Flower power 0F48,PI040298AD5I210985,2018-09-13 12:13:33,-1.0,134.09,9.8,55.0
Flower power 0F48,PI040298AD5I210985,2018-09-13 12:28:33,-1.0,134.09,9.94,55.0
Flower power 0F48,PI040298AD5I210985,2018-09-13 12:43:33,-1.0,134.09,10.2,55.0
Flower power 0F48,PI040298AD5I210985,2018-09-13 12:58:33,-1.0,135.84,10.34,55.0
Flower power 0F48,PI040298AD5I210985,2018-09-13 13:13:33,-1.0,134.09,10.2,55.0
Flower power 0F48,PI040298AD5I210985,2018-09-13 13:28:33,-1.0,132.37,9.8,55.0
Flower power 0F48,PI040298AD5I210985,2018-09-13 13:43:33,-1.0,127.48,10.2,54.52
Flower power 0F48,PI040298AD5I210985,2018-09-13 13:58:33,-1.0,121.48,10.2,54.98
Flower power 0F48,PI040298AD5I210985,2018-09-13 14:13:33,-1.0,97.25,10.2,51.2
Flower power 0F48,PI040298AD5I210985,2018-09-13 14:28:33,-1.0,109.8,10.07,50.95
Flower power 0F48,PI040298AD5I210985,2018-09-13 14:43:33,-1.0,42.36,9.94,47.13
Flower power 0F48,PI040298AD5I210985,2018-09-13 14:58:33,-1.0,18.2,10.07,34.05
Flower power 0F48,PI040298AD5I210985,2018-09-13 15:13:33,-1.0,13.02,10.47,31.51
Flower power 0F48,PI040298AD5I210985,2018-09-13 15:28:33,-1.0,11.56,10.2,29.92
Flower power 0F48,PI040298AD5I210985,2018-09-13 15:43:33,-1.0,11.22,10.07,29.3
Flower power 0F48,PI040298AD5I210985,2018-09-13 15:58:33,-1.0,10.86,10.2,29.0
Flower power 0F48,PI040298AD5I210985,2018-09-13 16:13:33,-1.0,10.23,10.34,28.55
Flower power 0F48,PI040298AD5I210985,2018-09-13 16:28:33,-1.0,10.43,10.2,28.29
Flower power 0F48,PI040298AD5I210985,2018-09-13 16:43:33,-1.0,11.5,10.2,28.29
Flower power 0F48,PI040298AD5I210985,2018-09-13 16:58:33,-1.0,11.1,9.94,27.93
Flower power 0F48,PI040298AD5I210985,2018-09-13 17:13:33,-1.0,10.34,10.2,27.36
Flower power 0F48,PI040298AD5I210985,2018-09-13 17:28:33,-1.0,9.63,10.34,26.64
Flower power 0F48,PI040298AD5I210985,2018-09-13 17:43:33,-1.0,8.24,9.94,26.1
Flower power 0F48,PI040298AD5I210985,2018-09-13 17:58:33,-1.0,6.04,10.07,25.11
Flower power 0F48,PI040298AD5I210985,2018-09-13 18:13:33,-1.0,3.99,10.34,23.97
Flower power 0F48,PI040298AD5I210985,2018-09-13 18:28:33,-1.0,2.06,10.2,22.72
Flower power 0F48,PI040298AD5I210985,2018-09-13 18:43:33,-1.0,0.6,10.34,21.22
Flower power 0F48,PI040298AD5I210985,2018-09-13 18:58:33,-1.0,0.1,10.2,20.01
Flower power 0F48,PI040298AD5I210985,2018-09-13 19:13:33,-1.0,0.1,9.67,19.23
Flower power 0F48,PI040298AD5I210985,2018-09-13 19:28:33,-1.0,0.1,10.07,18.64
Flower power 0F48,PI040298AD5I210985,2018-09-13 19:43:33,-1.0,0.1,10.2,18.44
Flower power 0F48,PI040298AD5I210985,2018-09-13 19:58:33,-1.0,0.1,9.94,18.29
Flower power 0F48,PI040298AD5I210985,2018-09-13 20:13:33,-1.0,0.1,10.47,18.08
Flower power 0F48,PI040298AD5I210985,2018-09-13 20:28:33,-1.0,0.1,10.2,17.58
Flower power 0F48,PI040298AD5I210985,2018-09-13 20:43:33,-1.0,0.1,9.94,17.27
Flower power 0F48,PI040298AD5I210985,2018-09-13 20:58:33,-1.0,0.1,9.67,17.27
Flower power 0F48,PI040298AD5I210985,2018-09-13 21:13:33,-1.0,0.1,10.07,17.38
Flower power 0F48,PI040298AD5I210985,2018-09-13 21:28:33,-1.0,0.1,9.94,17.43
Flower power 0F48,PI040298AD5I210985,2018-09-13 21:43:33,-1.0,0.1,10.07,17.32
Flower power 0F48,PI040298AD5I210985,2018-09-13 21:58:33,-1.0,0.1,10.34,17.32
Flower power 0F48,PI040298AD5I210985,2018-09-13 22:13:33,-1.0,0.1,10.07,17.32
Flower power 0F48,PI040298AD5I210985,2018-09-13 22:28:33,-1.0,0.1,10.34,17.07
Flower power 0F48,PI040298AD5I210985,2018-09-13 22:43:33,-1.0,0.1,10.07,17.02
Flower power 0F48,PI040298AD5I210985,2018-09-13 22:58:33,-1.0,0.1,10.07,16.97
Flower power 0F48,PI040298AD5I210985,2018-09-13 23:13:33,-1.0,0.1,9.8,16.86
Flower power 0F48,PI040298AD5I210985,2018-09-13 23:28:33,-1.0,0.1,10.34,16.81
Flower power 0F48,PI040298AD5I210985,2018-09-13 23:43:33,-1.0,0.1,10.2,16.71
Flower power 0F48,PI040298AD5I210985,2018-09-13 23:58:33,-1.0,0.1,10.07,16.29
Flower power 0F48,PI040298AD5I210985,2018-09-14 00:13:33,-1.0,0.1,10.2,15.4
Flower power 0F48,PI040298AD5I210985,2018-09-14 00:28:33,-1.0,0.1,10.07,15.4
Flower power 0F48,PI040298AD5I210985,2018-09-14 00:43:33,-1.0,0.1,9.8,15.24
Flower power 0F48,PI040298AD5I210985,2018-09-14 00:58:33,-1.0,0.1,10.07,15.19
Flower power 0F48,PI040298AD5I210985,2018-09-14 01:13:33,-1.0,0.1,9.8,15.56
Flower power 0F48,PI040298AD5I210985,2018-09-14 01:28:33,-1.0,0.1,10.2,15.24
Flower power 0F48,PI040298AD5I210985,2018-09-14 01:43:33,-1.0,0.1,9.94,15.24
Flower power 0F48,PI040298AD5I210985,2018-09-14 01:58:33,-1.0,0.1,9.67,15.19
Flower power 0F48,PI040298AD5I210985,2018-09-14 02:13:33,-1.0,0.1,10.34,15.4
Flower power 0F48,PI040298AD5I210985,2018-09-14 02:28:33,-1.0,0.1,10.2,14.97
Flower power 0F48,PI040298AD5I210985,2018-09-14 02:43:33,-1.0,0.1,10.2,14.16
Flower power 0F48,PI040298AD5I210985,2018-09-14 02:58:33,-1.0,0.1,10.34,14.65
Flower power 0F48,PI040298AD5I210985,2018-09-14 03:13:33,-1.0,0.1,10.2,14.43
Flower power 0F48,PI040298AD5I210985,2018-09-14 03:28:33,-1.0,0.1,10.2,14.87
Flower power 0F48,PI040298AD5I210985,2018-09-14 03:43:33,-1.0,0.1,10.07,14.97
Flower power 0F48,PI040298AD5I210985,2018-09-14 03:58:33,-1.0,0.1,10.07,15.4
Flower power 0F48,PI040298AD5I210985,2018-09-14 04:13:33,-1.0,0.1,9.8,15.61
Flower power 0F48,PI040298AD5I210985,2018-09-14 04:28:33,-1.0,0.1,10.2,15.61
Flower power 0F48,PI040298AD5I210985,2018-09-14 04:43:33,-1.0,0.1,10.07,15.5
Flower power 0F48,PI040298AD5I210985,2018-09-14 04:58:33,-1.0,0.1,10.2,15.4
Flower power 0F48,PI040298AD5I210985,2018-09-14 05:13:33,-1.0,0.1,9.94,15.61
Flower power 0F48,PI040298AD5I210985,2018-09-14 05:28:33,-1.0,0.1,10.34,15.61
Flower power 0F48,PI040298AD5I210985,2018-09-14 05:43:33,-1.0,0.1,9.94,15.19
Flower power 0F48,PI040298AD5I210985,2018-09-14 05:58:33,-1.0,0.1,9.8,15.13
Flower power 0F48,PI040298AD5I210985,2018-09-14 06:13:33,-1.0,0.39,10.2,15.19
Flower power 0F48,PI040298AD5I210985,2018-09-14 06:28:33,-1.0,1.56,9.94,15.56
Flower power 0F48,PI040298AD5I210985,2018-09-14 06:43:33,-1.0,3.4,9.94,15.82
Flower power 0F48,PI040298AD5I210985,2018-09-14 06:58:33,-1.0,5.31,9.8,16.4
Flower power 0F48,PI040298AD5I210985,2018-09-14 07:13:33,-1.0,7.18,9.67,17.12
Flower power 0F48,PI040298AD5I210985,2018-09-14 07:28:33,-1.0,9.46,10.07,17.98
Flower power 0F48,PI040298AD5I210985,2018-09-14 07:43:33,-1.0,12.11,10.34,19.38
Flower power 0F48,PI040298AD5I210985,2018-09-14 07:58:33,-1.0,26.66,9.8,20.83
Flower power 0F48,PI040298AD5I210985,2018-09-14 08:13:33,-1.0,27.59,10.07,23.28
Flower power 0F48,PI040298AD5I210985,2018-09-14 08:28:33,-1.0,14.0,10.34,21.64
Flower power 0F48,PI040298AD5I210985,2018-09-14 08:43:33,-1.0,18.64,9.8,23.47
Flower power 0F48,PI040298AD5I210985,2018-09-14 08:58:33,-1.0,28.09,10.2,24.38
Flower power 0F48,PI040298AD5I210985,2018-09-14 09:13:33,-1.0,72.19,9.94,30.41
Flower power 0F48,PI040298AD5I210985,2018-09-14 09:28:33,-1.0,79.02,10.2,40.97
Flower power 0F48,PI040298AD5I210985,2018-09-14 09:43:33,-1.0,87.22,10.07,43.44
Flower power 0F48,PI040298AD5I210985,2018-09-14 09:58:33,-1.0,97.25,9.67,46.91
Flower power 0F48,PI040298AD5I210985,2018-09-14 10:13:33,-1.0,104.21,10.07,49.59
Flower power 0F48,PI040298AD5I210985,2018-09-14 10:28:33,-1.0,108.63,10.07,51.68
Flower power 0F48,PI040298AD5I210985,2018-09-14 10:43:33,-1.0,109.8,10.2,52.18
Flower power 0F48,PI040298AD5I210985,2018-09-14 10:58:33,-1.0,105.28,9.8,52.05
Flower power 0F48,PI040298AD5I210985,2018-09-14 11:13:33,-1.0,120.06,9.8,53.37
Flower power 0F48,PI040298AD5I210985,2018-09-14 11:28:33,-1.0,122.93,9.8,53.94
Flower power 0F48,PI040298AD5I210985,2018-09-14 11:43:33,-1.0,124.41,10.07,53.69
Flower power 0F48,PI040298AD5I210985,2018-09-14 11:58:33,-1.0,114.71,10.2,52.93
Flower power 0F48,PI040298AD5I210985,2018-09-14 12:13:33,-1.0,113.44,10.2,51.99
Flower power 0F48,PI040298AD5I210985,2018-09-14 12:28:33,-1.0,132.37,10.2,50.47
Flower power 0F48,PI040298AD5I210985,2018-09-14 12:43:33,-1.0,67.33,10.34,48.37
Flower power 0F48,PI040298AD5I210985,2018-09-14 12:58:33,-1.0,127.48,9.8,47.41
Flower power 0F48,PI040298AD5I210985,2018-09-14 13:13:33,-1.0,129.07,10.07,48.2
Flower power 0F48,PI040298AD5I210985,2018-09-14 13:28:33,-1.0,127.48,10.34,50.0
Flower power 0F48,PI040298AD5I210985,2018-09-14 13:43:33,-1.0,37.59,10.2,37.47
Flower power 0F48,PI040298AD5I210985,2018-09-14 13:58:33,-1.0,29.03,9.67,32.04
Flower power 0F48,PI040298AD5I210985,2018-09-14 14:13:33,-1.0,27.04,9.94,30.76
Flower power 0F48,PI040298AD5I210985,2018-09-14 14:28:33,-1.0,36.87,10.47,30.5
Flower power 0F48,PI040298AD5I210985,2018-09-14 14:43:33,-1.0,60.37,10.2,39.46
Flower power 0F48,PI040298AD5I210985,2018-09-14 14:58:33,-1.0,20.53,10.07,30.28
Flower power 0F48,PI040298AD5I210985,2018-09-14 15:13:33,-1.0,22.35,10.2,28.82
Flower power 0F48,PI040298AD5I210985,2018-09-14 15:28:33,-1.0,19.92,10.2,27.62
Flower power 0F48,PI040298AD5I210985,2018-09-14 15:43:33,-1.0,17.61,10.47,27.04
Flower power 0F48,PI040298AD5I210985,2018-09-14 15:58:33,-1.0,16.16,10.2,26.06
Flower power 0F48,PI040298AD5I210985,2018-09-14 16:13:33,-1.0,14.8,10.47,25.61
Flower power 0F48,PI040298AD5I210985,2018-09-14 16:28:33,-1.0,13.59,10.74,25.07
Flower power 0F48,PI040298AD5I210985,2018-09-14 16:43:33,-1.0,12.5,10.6,24.75
Flower power 0F48,PI040298AD5I210985,2018-09-14 16:58:33,-1.0,11.35,10.6,24.25
Flower power 0F48,PI040298AD5I210985,2018-09-14 17:13:33,-1.0,10.3,10.47,23.79
Flower power 0F48,PI040298AD5I210985,2018-09-14 17:28:33,-1.0,9.14,10.47,23.33
Flower power 0F48,PI040298AD5I210985,2018-09-14 17:43:33,-1.0,7.39,10.34,22.72
Flower power 0F48,PI040298AD5I210985,2018-09-14 17:58:33,-1.0,5.55,10.47,22.21
Flower power 0F48,PI040298AD5I210985,2018-09-14 18:13:33,-1.0,3.66,10.47,20.98
Flower power 0F48,PI040298AD5I210985,2018-09-14 18:28:33,-1.0,1.8,10.6,20.21
Flower power 0F48,PI040298AD5I210985,2018-09-14 18:43:33,-1.0,0.47,10.34,19.43
Flower power 0F48,PI040298AD5I210985,2018-09-14 18:58:33,-1.0,0.1,10.2,18.44
Flower power 0F48,PI040298AD5I210985,2018-09-14 19:13:33,-1.0,0.1,10.47,18.08
Flower power 0F48,PI040298AD5I210985,2018-09-14 19:28:33,-1.0,0.1,10.47,17.98
Flower power 0F48,PI040298AD5I210985,2018-09-14 19:43:33,-1.0,0.1,10.47,17.88
Flower power 0F48,PI040298AD5I210985,2018-09-14 19:58:33,-1.0,0.1,10.2,17.43
Flower power 0F48,PI040298AD5I210985,2018-09-14 20:13:33,-1.0,0.1,10.74,17.48
Flower power 0F48,PI040298AD5I210985,2018-09-14 20:28:33,-1.0,0.1,10.34,17.93
Flower power 0F48,PI040298AD5I210985,2018-09-14 20:43:33,-1.0,0.1,10.6,17.27
Flower power 0F48,PI040298AD5I210985,2018-09-14 20:58:33,-1.0,0.1,10.2,16.4
Flower power 0F48,PI040298AD5I210985,2018-09-14 21:13:33,-1.0,0.1,10.74,16.6
Flower power 0F48,PI040298AD5I210985,2018-09-14 21:28:33,-1.0,0.1,10.6,17.78
Flower power 0F48,PI040298AD5I210985,2018-09-14 21:43:33,-1.0,0.1,10.07,18.88
Flower power 0F48,PI040298AD5I210985,2018-09-14 21:58:33,-1.0,0.1,10.2,19.43
Flower power 0F48,PI040298AD5I210985,2018-09-14 22:13:33,-1.0,0.1,10.74,18.24
Flower power 0F48,PI040298AD5I210985,2018-09-14 22:28:33,-1.0,0.1,10.34,16.91
Flower power 0F48,PI040298AD5I210985,2018-09-14 22:43:33,-1.0,0.1,10.47,16.45
Flower power 0F48,PI040298AD5I210985,2018-09-14 22:58:33,-1.0,0.1,10.34,16.4
Flower power 0F48,PI040298AD5I210985,2018-09-14 23:13:33,-1.0,0.1,10.6,16.66
Flower power 0F48,PI040298AD5I210985,2018-09-14 23:28:33,-1.0,0.1,10.74,16.66
Flower power 0F48,PI040298AD5I210985,2018-09-14 23:43:33,-1.0,0.1,10.07,16.29
Flower power 0F48,PI040298AD5I210985,2018-09-14 23:58:33,-1.0,0.1,10.2,15.82
Flower power 0F48,PI040298AD5I210985,2018-09-15 00:13:33,-1.0,0.1,10.2,15.93
Flower power 0F48,PI040298AD5I210985,2018-09-15 00:28:33,-1.0,0.1,10.6,16.14
Flower power 0F48,PI040298AD5I210985,2018-09-15 00:43:33,-1.0,0.1,10.34,16.45
Flower power 0F48,PI040298AD5I210985,2018-09-15 00:58:33,-1.0,0.1,10.47,16.66
Flower power 0F48,PI040298AD5I210985,2018-09-15 01:13:33,-1.0,0.1,10.07,16.66
Flower power 0F48,PI040298AD5I210985,2018-09-15 01:28:33,-1.0,0.1,10.47,16.76
Flower power 0F48,PI040298AD5I210985,2018-09-15 01:43:33,-1.0,0.1,10.07,17.12
Flower power 0F48,PI040298AD5I210985,2018-09-15 01:58:33,-1.0,0.1,10.74,17.58
Flower power 0F48,PI040298AD5I210985,2018-09-15 02:13:33,-1.0,0.1,10.47,18.03
Flower power 0F48,PI040298AD5I210985,2018-09-15 02:28:33,-1.0,0.1,10.2,18.34
Flower power 0F48,PI040298AD5I210985,2018-09-15 02:43:33,-1.0,0.1,10.74,18.29
Flower power 0F48,PI040298AD5I210985,2018-09-15 02:58:33,-1.0,0.1,10.07,18.44
Flower power 0F48,PI040298AD5I210985,2018-09-15 03:13:33,-1.0,0.1,10.2,19.03
Flower power 0F48,PI040298AD5I210985,2018-09-15 03:28:33,-1.0,0.1,10.6,19.08
Flower power 0F48,PI040298AD5I210985,2018-09-15 03:43:33,-1.0,0.1,10.6,18.59
Flower power 0F48,PI040298AD5I210985,2018-09-15 03:58:33,-1.0,0.1,10.47,18.59
Flower power 0F48,PI040298AD5I210985,2018-09-15 04:13:33,-1.0,0.1,10.74,18.78
Flower power 0F48,PI040298AD5I210985,2018-09-15 04:28:33,-1.0,0.1,10.74,19.03
Flower power 0F48,PI040298AD5I210985,2018-09-15 04:43:33,-1.0,0.1,10.6,19.18
Flower power 0F48,PI040298AD5I210985,2018-09-15 04:58:33,-1.0,0.1,10.34,18.88
Flower power 0F48,PI040298AD5I210985,2018-09-15 05:13:33,-1.0,0.1,10.34,18.74
Flower power 0F48,PI040298AD5I210985,2018-09-15 05:28:33,-1.0,0.1,10.6,18.83
Flower power 0F48,PI040298AD5I210985,2018-09-15 05:43:33,-1.0,0.1,10.6,18.69
Flower power 0F48,PI040298AD5I210985,2018-09-15 05:58:33,-1.0,0.1,10.47,18.93
Flower power 0F48,PI040298AD5I210985,2018-09-15 06:13:33,-1.0,0.12,10.34,19.08
Flower power 0F48,PI040298AD5I210985,2018-09-15 06:28:33,-1.0,0.61,10.74,19.28
Flower power 0F48,PI040298AD5I210985,2018-09-15 06:43:33,-1.0,1.82,10.2,19.53
Flower power 0F48,PI040298AD5I210985,2018-09-15 06:58:33,-1.0,2.05,10.74,20.06
Flower power 0F48,PI040298AD5I210985,2018-09-15 07:13:33,-1.0,4.56,10.2,20.64
Flower power 0F48,PI040298AD5I210985,2018-09-15 07:28:33,-1.0,10.36,10.74,22.26
Flower power 0F48,PI040298AD5I210985,2018-09-15 07:43:33,-1.0,8.14,10.6,22.49
Flower power 0F48,PI040298AD5I210985,2018-09-15 07:58:33,-1.0,11.09,10.34,22.82
Flower power 0F48,PI040298AD5I210985,2018-09-15 08:13:33,-1.0,12.73,10.47,23.88
Flower power 0F48,PI040298AD5I210985,2018-09-15 08:28:33,-1.0,17.31,10.6,24.57
Flower power 0F48,PI040298AD5I210985,2018-09-15 08:43:33,-1.0,19.92,10.34,26.06
Flower power 0F48,PI040298AD5I210985,2018-09-15 08:58:33,-1.0,23.89,10.34,26.69
Flower power 0F48,PI040298AD5I210985,2018-09-15 09:13:33,-1.0,29.85,10.34,28.73
Flower power 0F48,PI040298AD5I210985,2018-09-15 09:28:33,-1.0,28.09,10.47,29.57
Flower power 0F48,PI040298AD5I210985,2018-09-15 09:43:33,-1.0,32.06,10.6,30.14
Flower power 0F48,PI040298AD5I210985,2018-09-15 09:58:33,-1.0,39.92,10.2,30.85
Flower power 0F48,PI040298AD5I210985,2018-09-15 10:13:33,-1.0,93.67,10.74,39.22
Flower power 0F48,PI040298AD5I210985,2018-09-15 10:28:33,-1.0,48.72,10.34,36.0
Flower power 0F48,PI040298AD5I210985,2018-09-15 10:43:33,-1.0,56.9,10.74,36.59
Flower power 0F48,PI040298AD5I210985,2018-09-15 10:58:33,-1.0,137.64,10.47,40.43
Flower power 0F48,PI040298AD5I210985,2018-09-15 11:13:33,-1.0,101.11,10.2,53.43
Flower power 0F48,PI040298AD5I210985,2018-09-15 11:28:33,-1.0,88.75,10.34,50.24
Flower power 0F48,PI040298AD5I210985,2018-09-15 11:43:33,-1.0,87.98,10.6,54.14
Flower power 0F48,PI040298AD5I210985,2018-09-15 11:58:33,-1.0,85.74,10.34,54.72
Flower power 0F48,PI040298AD5I210985,2018-09-15 12:13:33,-1.0,93.67,10.34,55.0
Flower power 0F48,PI040298AD5I210985,2018-09-15 12:28:33,-1.0,85.74,10.6,55.0
Flower power 0F48,PI040298AD5I210985,2018-09-15 12:43:33,-1.0,98.19,10.6,53.24
Flower power 0F48,PI040298AD5I210985,2018-09-15 12:58:33,-1.0,74.89,10.6,52.05
Flower power 0F48,PI040298AD5I210985,2018-09-15 13:13:33,-1.0,96.33,10.6,54.72
Flower power 0F48,PI040298AD5I210985,2018-09-15 13:28:33,-1.0,91.97,10.74,50.3
Flower power 0F48,PI040298AD5I210985,2018-09-15 13:43:33,-1.0,91.14,10.34,49.76
Flower power 0F48,PI040298AD5I210985,2018-09-15 13:58:33,-1.0,89.53,10.6,46.74
Flower power 0F48,PI040298AD5I210985,2018-09-15 14:13:33,-1.0,79.02,10.34,46.47
Flower power 0F48,PI040298AD5I210985,2018-09-15 14:28:33,-1.0,78.4,10.74,44.9
Flower power 0F48,PI040298AD5I210985,2018-09-15 14:43:33,-1.0,21.93,10.47,39.6
Flower power 0F48,PI040298AD5I210985,2018-09-15 14:58:33,-1.0,16.99,10.6,31.34
Flower power 0F48,PI040298AD5I210985,2018-09-15 15:13:33,-1.0,16.8,10.47,31.73
Flower power 0F48,PI040298AD5I210985,2018-09-15 15:28:33,-1.0,15.17,10.6,30.32
Flower power 0F48,PI040298AD5I210985,2018-09-15 15:43:33,-1.0,12.67,10.74,29.83
Flower power 0F48,PI040298AD5I210985,2018-09-15 15:58:33,-1.0,12.15,10.74,29.35
Flower power 0F48,PI040298AD5I210985,2018-09-15 16:13:33,-1.0,11.99,10.6,29.22
Flower power 0F48,PI040298AD5I210985,2018-09-15 16:28:33,-1.0,11.89,10.34,28.95
Flower power 0F48,PI040298AD5I210985,2018-09-15 16:43:33,-1.0,11.47,10.87,28.6
Flower power 0F48,PI040298AD5I210985,2018-09-15 16:58:33,-1.0,10.34,10.2,27.93
Flower power 0F48,PI040298AD5I210985,2018-09-15 17:13:33,-1.0,9.06,10.6,27.4
Flower power 0F48,PI040298AD5I210985,2018-09-15 17:28:33,-1.0,7.82,10.6,26.42
Flower power 0F48,PI040298AD5I210985,2018-09-15 17:43:33,-1.0,6.47,10.74,25.47
Flower power 0F48,PI040298AD5I210985,2018-09-15 17:58:33,-1.0,5.0,10.47,24.11
Flower power 0F48,PI040298AD5I210985,2018-09-15 18:13:33,-1.0,3.36,10.47,22.72
Flower power 0F48,PI040298AD5I210985,2018-09-15 18:28:33,-1.0,1.64,10.2,21.5
Flower power 0F48,PI040298AD5I210985,2018-09-15 18:43:33,-1.0,0.38,10.34,20.45
Flower power 0F48,PI040298AD5I210985,2018-09-15 18:58:33,-1.0,0.1,10.47,19.67
Flower power 0F48,PI040298AD5I210985,2018-09-15 19:13:33,-1.0,0.1,10.74,19.28
Flower power 0F48,PI040298AD5I210985,2018-09-15 19:28:33,-1.0,0.1,10.74,18.78
Flower power 0F48,PI040298AD5I210985,2018-09-15 19:43:33,-1.0,0.1,10.87,18.54
Flower power 0F48,PI040298AD5I210985,2018-09-15 19:58:33,-1.0,0.1,10.6,18.08
Flower power 0F48,PI040298AD5I210985,2018-09-15 20:13:33,-1.0,0.1,10.87,17.53
Flower power 0F48,PI040298AD5I210985,2018-09-15 20:28:33,-1.0,0.1,10.74,17.53
Flower power 0F48,PI040298AD5I210985,2018-09-15 20:43:33,-1.0,0.1,10.6,17.58
Flower power 0F48,PI040298AD5I210985,2018-09-15 20:58:33,-1.0,0.1,10.2,17.22
Flower power 0F48,PI040298AD5I210985,2018-09-15 21:13:33,-1.0,0.1,10.6,17.63
Flower power 0F48,PI040298AD5I210985,2018-09-15 21:28:33,-1.0,0.1,10.47,17.68
Flower power 0F48,PI040298AD5I210985,2018-09-15 21:43:33,-1.0,0.1,10.2,17.78
Flower power 0F48,PI040298AD5I210985,2018-09-15 21:58:33,-1.0,0.1,10.6,18.08
Flower power 0F48,PI040298AD5I210985,2018-09-15 22:13:33,-1.0,0.1,10.6,18.03
Flower power 0F48,PI040298AD5I210985,2018-09-15 22:28:33,-1.0,0.1,10.2,17.73
Flower power 0F48,PI040298AD5I210985,2018-09-15 22:43:33,-1.0,0.1,10.6,17.58
Flower power 0F48,PI040298AD5I210985,2018-09-15 22:58:33,-1.0,0.1,10.74,17.07
Flower power 0F48,PI040298AD5I210985,2018-09-15 23:13:33,-1.0,0.1,10.6,16.6
Flower power 0F48,PI040298AD5I210985,2018-09-15 23:28:33,-1.0,0.1,10.87,16.4
Flower power 0F48,PI040298AD5I210985,2018-09-15 23:43:33,-1.0,0.1,10.47,16.34
Flower power 0F48,PI040298AD5I210985,2018-09-15 23:58:33,-1.0,0.1,10.74,16.08
Flower power 0F48,PI040298AD5I210985,2018-09-16 00:13:33,-1.0,0.1,10.6,15.61
Flower power 0F48,PI040298AD5I210985,2018-09-16 00:28:33,-1.0,0.1,10.34,15.72
Flower power 0F48,PI040298AD5I210985,2018-09-16 00:43:33,-1.0,0.1,10.74,15.5
Flower power 0F48,PI040298AD5I210985,2018-09-16 00:58:33,-1.0,0.1,10.34,14.76
Flower power 0F48,PI040298AD5I210985,2018-09-16 01:13:33,-1.0,0.1,10.34,14.43
Flower power 0F48,PI040298AD5I210985,2018-09-16 01:28:33,-1.0,0.1,10.2,14.33
Flower power 0F48,PI040298AD5I210985,2018-09-16 01:43:33,-1.0,0.1,10.34,14.38
Flower power 0F48,PI040298AD5I210985,2018-09-16 01:58:33,-1.0,0.1,10.07,14.22
Flower power 0F48,PI040298AD5I210985,2018-09-16 02:13:33,-1.0,0.1,10.87,14.16
Flower power 0F48,PI040298AD5I210985,2018-09-16 02:28:33,-1.0,0.1,10.47,14.05
Flower power 0F48,PI040298AD5I210985,2018-09-16 02:43:33,-1.0,0.1,10.6,14.27
Flower power 0F48,PI040298AD5I210985,2018-09-16 02:58:33,-1.0,0.1,10.34,14.16
Flower power 0F48,PI040298AD5I210985,2018-09-16 03:13:33,-1.0,0.1,10.34,13.89
Flower power 0F48,PI040298AD5I210985,2018-09-16 03:28:33,-1.0,0.1,10.47,13.84
Flower power 0F48,PI040298AD5I210985,2018-09-16 03:43:33,-1.0,0.1,10.6,13.78
Flower power 0F48,PI040298AD5I210985,2018-09-16 03:58:33,-1.0,0.1,10.34,13.84
Flower power 0F48,PI040298AD5I210985,2018-09-16 04:13:33,-1.0,0.1,10.87,13.84
Flower power 0F48,PI040298AD5I210985,2018-09-16 04:28:33,-1.0,0.1,10.74,13.67
Flower power 0F48,PI040298AD5I210985,2018-09-16 04:43:33,-1.0,0.1,10.74,13.62
Flower power 0F48,PI040298AD5I210985,2018-09-16 04:58:33,-1.0,0.1,10.34,13.56
Flower power 0F48,PI040298AD5I210985,2018-09-16 05:13:33,-1.0,0.1,10.6,13.4
Flower power 0F48,PI040298AD5I210985,2018-09-16 05:28:33,-1.0,0.1,10.07,13.56
Flower power 0F48,PI040298AD5I210985,2018-09-16 05:43:33,-1.0,0.1,10.2,13.28
Flower power 0F48,PI040298AD5I210985,2018-09-16 05:58:33,-1.0,0.1,10.47,13.28
Flower power 0F48,PI040298AD5I210985,2018-09-16 06:13:33,-1.0,0.34,10.47,13.45
Flower power 0F48,PI040298AD5I210985,2018-09-16 06:28:33,-1.0,1.55,10.47,13.89
Flower power 0F48,PI040298AD5I210985,2018-09-16 06:43:33,-1.0,3.54,10.34,14.7
Flower power 0F48,PI040298AD5I210985,2018-09-16 06:58:33,-1.0,5.84,10.47,16.08
Flower power 0F48,PI040298AD5I210985,2018-09-16 07:13:33,-1.0,8.16,10.2,17.58
Flower power 0F48,PI040298AD5I210985,2018-09-16 07:28:33,-1.0,10.31,10.47,19.48
Flower power 0F48,PI040298AD5I210985,2018-09-16 07:43:33,-1.0,12.28,10.2,21.41
Flower power 0F48,PI040298AD5I210985,2018-09-16 07:58:33,-1.0,24.77,10.47,24.16
Flower power 0F48,PI040298AD5I210985,2018-09-16 08:13:33,-1.0,50.21,10.47,27.71
Flower power 0F48,PI040298AD5I210985,2018-09-16 08:28:33,-1.0,48.24,10.47,32.04
Flower power 0F48,PI040298AD5I210985,2018-09-16 08:43:33,-1.0,63.06,10.6,35.86
Flower power 0F48,PI040298AD5I210985,2018-09-16 08:58:33,-1.0,69.19,10.74,39.8
Flower power 0F48,PI040298AD5I210985,2018-09-16 09:13:33,-1.0,75.46,10.2,41.81
Flower power 0F48,PI040298AD5I210985,2018-09-16 09:28:33,-1.0,80.28,10.07,44.74
Flower power 0F48,PI040298AD5I210985,2018-09-16 09:43:33,-1.0,85.74,10.74,45.98
Flower power 0F48,PI040298AD5I210985,2018-09-16 09:58:33,-1.0,91.97,10.2,48.2
Flower power 0F48,PI040298AD5I210985,2018-09-16 10:13:33,-1.0,97.25,10.47,49.94
Flower power 0F48,PI040298AD5I210985,2018-09-16 10:28:33,-1.0,97.25,10.6,51.44
Flower power 0F48,PI040298AD5I210985,2018-09-16 10:43:33,-1.0,91.14,10.47,52.05
Flower power 0F48,PI040298AD5I210985,2018-09-16 10:58:33,-1.0,85.02,10.74,52.67
Flower power 0F48,PI040298AD5I210985,2018-09-16 11:13:33,-1.0,83.61,10.74,53.3
Flower power 0F48,PI040298AD5I210985,2018-09-16 11:28:33,-1.0,77.8,10.47,52.24
Flower power 0F48,PI040298AD5I210985,2018-09-16 11:43:33,-1.0,73.25,10.74,52.86
Flower power 0F48,PI040298AD5I210985,2018-09-16 11:58:33,-1.0,91.14,10.6,53.37
Flower power 0F48,PI040298AD5I210985,2018-09-16 12:13:33,-1.0,91.97,10.74,53.3
Flower power 0F48,PI040298AD5I210985,2018-09-16 12:28:33,-1.0,93.67,10.74,53.62
Flower power 0F48,PI040298AD5I210985,2018-09-16 12:43:33,-1.0,97.25,10.6,52.36
Flower power 0F48,PI040298AD5I210985,2018-09-16 12:58:33,-1.0,101.11,10.6,52.24
Flower power 0F48,PI040298AD5I210985,2018-09-16 13:13:33,-1.0,101.11,10.2,52.42
Flower power 0F48,PI040298AD5I210985,2018-09-16 13:28:33,-1.0,100.12,10.6,52.61
Flower power 0F48,PI040298AD5I210985,2018-09-16 13:43:33,-1.0,98.19,10.34,51.08
Flower power 0F48,PI040298AD5I210985,2018-09-16 13:58:33,-1.0,93.67,10.74,50.18
Flower power 0F48,PI040298AD5I210985,2018-09-16 14:13:33,-1.0,80.92,10.2,48.72
Flower power 0F48,PI040298AD5I210985,2018-09-16 14:28:33,-1.0,83.61,10.34,47.3
Flower power 0F48,PI040298AD5I210985,2018-09-16 14:43:33,-1.0,29.48,10.34,40.14
Flower power 0F48,PI040298AD5I210985,2018-09-16 14:58:33,-1.0,13.39,10.2,31.47
Flower power 0F48,PI040298AD5I210985,2018-09-16 15:13:33,-1.0,16.5,10.6,30.72
Flower power 0F48,PI040298AD5I210985,2018-09-16 15:28:33,-1.0,11.84,10.47,29.0
Flower power 0F48,PI040298AD5I210985,2018-09-16 15:43:33,-1.0,11.29,10.6,28.29
Flower power 0F48,PI040298AD5I210985,2018-09-16 15:58:33,-1.0,10.79,10.6,27.76
Flower power 0F48,PI040298AD5I210985,2018-09-16 16:13:33,-1.0,10.98,10.34,27.4
Flower power 0F48,PI040298AD5I210985,2018-09-16 16:28:33,-1.0,12.8,10.34,27.58
Flower power 0F48,PI040298AD5I210985,2018-09-16 16:43:33,-1.0,16.62,10.6,28.29
Flower power 0F48,PI040298AD5I210985,2018-09-16 16:58:33,-1.0,15.24,10.47,28.69
Flower power 0F48,PI040298AD5I210985,2018-09-16 17:13:33,-1.0,13.0,10.6,28.11
Flower power 0F48,PI040298AD5I210985,2018-09-16 17:28:33,-1.0,10.16,10.34,27.44
Flower power 0F48,PI040298AD5I210985,2018-09-16 17:43:33,-1.0,8.35,10.34,26.82
Flower power 0F48,PI040298AD5I210985,2018-09-16 17:58:33,-1.0,6.87,10.6,26.01
Flower power 0F48,PI040298AD5I210985,2018-09-16 18:13:33,-1.0,5.33,10.6,25.38
Flower power 0F48,PI040298AD5I210985,2018-09-16 18:28:33,-1.0,2.38,10.74,24.7
Flower power 0F48,PI040298AD5I210985,2018-09-16 18:43:33,-1.0,0.5,10.47,24.06
Flower power 0F48,PI040298AD5I210985,2018-09-16 18:58:33,-1.0,0.1,10.34,23.37
Flower power 0F48,PI040298AD5I210985,2018-09-16 19:13:33,-1.0,0.1,10.6,22.82
Flower power 0F48,PI040298AD5I210985,2018-09-16 19:28:33,-1.0,0.1,10.34,21.36
Flower power 0F48,PI040298AD5I210985,2018-09-16 19:43:33,-1.0,0.1,10.34,21.6
Flower power 0F48,PI040298AD5I210985,2018-09-16 19:58:33,-1.0,0.1,10.34,21.12
Flower power 0F48,PI040298AD5I210985,2018-09-16 20:13:33,-1.0,0.1,10.47,20.59
Flower power 0F48,PI040298AD5I210985,2018-09-16 20:28:33,-1.0,0.1,10.6,20.21
Flower power 0F48,PI040298AD5I210985,2018-09-16 20:43:33,-1.0,0.1,10.6,20.11
Flower power 0F48,PI040298AD5I210985,2018-09-16 20:58:33,-1.0,0.1,10.34,19.67
Flower power 0F48,PI040298AD5I210985,2018-09-16 21:13:33,-1.0,0.1,10.47,19.67
Flower power 0F48,PI040298AD5I210985,2018-09-16 21:28:33,-1.0,0.1,10.2,19.48
Flower power 0F48,PI040298AD5I210985,2018-09-16 21:43:33,-1.0,0.1,10.74,19.38
Flower power 0F48,PI040298AD5I210985,2018-09-16 21:58:33,-1.0,0.1,10.47,19.48
Flower power 0F48,PI040298AD5I210985,2018-09-16 22:13:33,-1.0,0.1,10.34,19.43
Flower power 0F48,PI040298AD5I210985,2018-09-16 22:28:33,-1.0,0.1,10.6,18.78
Flower power 0F48,PI040298AD5I210985,2018-09-16 22:43:33,-1.0,0.1,10.2,18.78
Flower power 0F48,PI040298AD5I210985,2018-09-16 22:58:33,-1.0,0.1,10.47,18.83
Flower power 0F48,PI040298AD5I210985,2018-09-16 23:13:33,-1.0,0.1,10.47,18.49
Flower power 0F48,PI040298AD5I210985,2018-09-16 23:28:33,-1.0,0.1,10.47,18.29
Flower power 0F48,PI040298AD5I210985,2018-09-16 23:43:33,-1.0,0.1,10.07,17.73
Flower power 0F48,PI040298AD5I210985,2018-09-16 23:58:33,-1.0,0.1,10.47,17.38
Flower power 0F48,PI040298AD5I210985,2018-09-17 00:13:33,-1.0,0.1,10.6,17.22
Flower power 0F48,PI040298AD5I210985,2018-09-17 00:28:33,-1.0,0.1,10.6,17.12
Flower power 0F48,PI040298AD5I210985,2018-09-17 00:43:33,-1.0,0.1,10.6,17.02
Flower power 0F48,PI040298AD5I210985,2018-09-17 00:58:33,-1.0,0.1,10.47,16.81
Flower power 0F48,PI040298AD5I210985,2018-09-17 01:13:33,-1.0,0.1,10.34,16.81
Flower power 0F48,PI040298AD5I210985,2018-09-17 01:28:33,-1.0,0.1,10.47,16.6
Flower power 0F48,PI040298AD5I210985,2018-09-17 01:43:33,-1.0,0.1,10.47,16.19
Flower power 0F48,PI040298AD5I210985,2018-09-17 01:58:33,-1.0,0.1,10.6,16.03
Flower power 0F48,PI040298AD5I210985,2018-09-17 02:13:33,-1.0,0.1,10.34,15.98
Flower power 0F48,PI040298AD5I210985,2018-09-17 02:28:33,-1.0,0.1,10.34,15.82
Flower power 0F48,PI040298AD5I210985,2018-09-17 02:43:33,-1.0,0.1,10.74,15.77
Flower power 0F48,PI040298AD5I210985,2018-09-17 02:58:33,-1.0,0.1,10.07,15.77
Flower power 0F48,PI040298AD5I210985,2018-09-17 03:13:33,-1.0,0.1,10.47,15.66
Flower power 0F48,PI040298AD5I210985,2018-09-17 03:28:33,-1.0,0.1,10.47,15.56
Flower power 0F48,PI040298AD5I210985,2018-09-17 03:43:33,-1.0,0.1,10.47,15.61
Flower power 0F48,PI040298AD5I210985,2018-09-17 03:58:33,-1.0,0.1,10.47,15.66
Flower power 0F48,PI040298AD5I210985,2018-09-17 04:13:33,-1.0,0.1,10.34,15.61
Flower power 0F48,PI040298AD5I210985,2018-09-17 04:28:33,-1.0,0.1,10.6,15.5
Flower power 0F48,PI040298AD5I210985,2018-09-17 04:43:33,-1.0,0.1,10.47,15.45
Flower power 0F48,PI040298AD5I210985,2018-09-17 04:58:33,-1.0,0.1,10.47,15.5
Flower power 0F48,PI040298AD5I210985,2018-09-17 05:13:33,-1.0,0.1,10.34,15.66
Flower power 0F48,PI040298AD5I210985,2018-09-17 05:28:33,-1.0,0.1,10.07,15.72
Flower power 0F48,PI040298AD5I210985,2018-09-17 05:43:33,-1.0,0.1,10.2,16.08
Flower power 0F48,PI040298AD5I210985,2018-09-17 05:58:33,-1.0,0.1,10.07,16.03
Flower power 0F48,PI040298AD5I210985,2018-09-17 06:13:33,-1.0,0.3,10.34,16.08
Flower power 0F48,PI040298AD5I210985,2018-09-17 06:28:33,-1.0,1.47,10.47,16.45
Flower power 0F48,PI040298AD5I210985,2018-09-17 06:43:33,-1.0,3.44,10.74,17.32
Flower power 0F48,PI040298AD5I210985,2018-09-17 06:58:33,-1.0,5.5,10.6,18.74
Flower power 0F48,PI040298AD5I210985,2018-09-17 07:13:33,-1.0,7.36,10.47,20.16
Flower power 0F48,PI040298AD5I210985,2018-09-17 07:28:33,-1.0,9.11,10.47,21.36
Flower power 0F48,PI040298AD5I210985,2018-09-17 07:43:33,-1.0,11.45,10.07,23.05
Flower power 0F48,PI040298AD5I210985,2018-09-17 07:58:33,-1.0,25.24,10.2,25.43
Flower power 0F48,PI040298AD5I210985,2018-09-17 08:13:33,-1.0,48.72,10.47,29.17
Flower power 0F48,PI040298AD5I210985,2018-09-17 08:28:33,-1.0,55.3,10.07,33.47
Flower power 0F48,PI040298AD5I210985,2018-09-17 08:43:33,-1.0,67.33,10.2,37.15
Flower power 0F48,PI040298AD5I210985,2018-09-17 08:58:33,-1.0,70.17,10.47,40.72
Flower power 0F48,PI040298AD5I210985,2018-09-17 09:13:33,-1.0,74.34,10.07,43.8
Flower power 0F48,PI040298AD5I210985,2018-09-17 09:28:33,-1.0,80.92,10.47,45.92
Flower power 0F48,PI040298AD5I210985,2018-09-17 09:43:33,-1.0,87.22,10.74,47.24
Flower power 0F48,PI040298AD5I210985,2018-09-17 09:58:33,-1.0,93.67,10.47,48.77
Flower power 0F48,PI040298AD5I210985,2018-09-17 10:13:33,-1.0,103.16,10.47,51.02
Flower power 0F48,PI040298AD5I210985,2018-09-17 10:28:33,-1.0,105.28,10.34,51.93
Flower power 0F48,PI040298AD5I210985,2018-09-17 10:43:33,-1.0,108.63,10.2,52.49
Flower power 0F48,PI040298AD5I210985,2018-09-17 10:58:33,-1.0,106.38,10.07,53.62
Flower power 0F48,PI040298AD5I210985,2018-09-17 11:13:33,-1.0,112.2,10.47,55.0
Flower power 0F48,PI040298AD5I210985,2018-09-17 11:28:33,-1.0,109.8,10.34,54.59
Flower power 0F48,PI040298AD5I210985,2018-09-17 11:43:33,-1.0,108.63,10.6,54.14
Flower power 0F48,PI040298AD5I210985,2018-09-17 11:58:33,-1.0,87.22,10.2,54.07
Flower power 0F48,PI040298AD5I210985,2018-09-17 12:13:33,-1.0,87.22,10.2,54.85
Flower power 0F48,PI040298AD5I210985,2018-09-17 12:28:33,-1.0,87.98,10.47,55.0
Flower power 0F48,PI040298AD5I210985,2018-09-17 12:43:33,-1.0,92.81,10.6,55.0
Flower power 0F48,PI040298AD5I210985,2018-09-17 12:58:33,-1.0,98.19,10.47,55.0
Flower power 0F48,PI040298AD5I210985,2018-09-17 13:13:33,-1.0,98.19,10.6,54.92
Flower power 0F48,PI040298AD5I210985,2018-09-17 13:28:33,-1.0,98.19,10.2,53.75
Flower power 0F48,PI040298AD5I210985,2018-09-17 13:43:33,-1.0,96.33,10.2,53.05
Flower power 0F48,PI040298AD5I210985,2018-09-17 13:58:33,-1.0,94.54,10.34,50.95
Flower power 0F48,PI040298AD5I210985,2018-09-17 14:13:33,-1.0,87.22,10.34,49.7
Flower power 0F48,PI040298AD5I210985,2018-09-17 14:28:33,-1.0,81.58,10.34,47.52
Flower power 0F48,PI040298AD5I210985,2018-09-17 14:43:33,-1.0,20.4,10.34,42.06
Flower power 0F48,PI040298AD5I210985,2018-09-17 14:58:33,-1.0,15.61,10.34,32.22
Flower power 0F48,PI040298AD5I210985,2018-09-17 15:13:33,-1.0,18.98,10.47,31.43
Flower power 0F48,PI040298AD5I210985,2018-09-17 15:28:33,-1.0,14.31,10.2,29.97
Flower power 0F48,PI040298AD5I210985,2018-09-17 15:43:33,-1.0,13.48,10.2,29.3
Flower power 0F48,PI040298AD5I210985,2018-09-17 15:58:33,-1.0,12.75,10.2,28.86
Flower power 0F48,PI040298AD5I210985,2018-09-17 16:13:33,-1.0,11.74,10.6,28.33
Flower power 0F48,PI040298AD5I210985,2018-09-17 16:28:33,-1.0,10.82,10.74,27.8
Flower power 0F48,PI040298AD5I210985,2018-09-17 16:43:33,-1.0,9.93,10.6,27.36
Flower power 0F48,PI040298AD5I210985,2018-09-17 16:58:33,-1.0,9.62,10.2,27.09
Flower power 0F48,PI040298AD5I210985,2018-09-17 17:13:33,-1.0,9.95,10.34,27.09
Flower power 0F48,PI040298AD5I210985,2018-09-17 17:28:33,-1.0,8.35,10.74,26.55
Flower power 0F48,PI040298AD5I210985,2018-09-17 17:43:33,-1.0,6.99,10.34,25.92
Flower power 0F48,PI040298AD5I210985,2018-09-17 17:58:33,-1.0,5.17,10.34,25.29
Flower power 0F48,PI040298AD5I210985,2018-09-17 18:13:33,-1.0,3.27,10.47,24.43
Flower power 0F48,PI040298AD5I210985,2018-09-17 18:28:33,-1.0,1.38,10.07,23.74
Flower power 0F48,PI040298AD5I210985,2018-09-17 18:43:33,-1.0,0.25,10.47,22.26
Flower power 0F48,PI040298AD5I210985,2018-09-17 18:58:33,-1.0,0.1,10.2,20.88
Flower power 0F48,PI040298AD5I210985,2018-09-17 19:13:33,-1.0,0.1,10.6,20.98
Flower power 0F48,PI040298AD5I210985,2018-09-17 19:28:33,-1.0,0.1,10.6,20.93
Flower power 0F48,PI040298AD5I210985,2018-09-17 19:43:33,-1.0,0.1,10.6,21.17
Flower power 0F48,PI040298AD5I210985,2018-09-17 19:58:33,-1.0,0.1,10.74,21.31
Flower power 0F48,PI040298AD5I210985,2018-09-17 20:13:33,-1.0,0.1,10.34,21.36
Flower power 0F48,PI040298AD5I210985,2018-09-17 20:28:33,-1.0,0.1,10.74,21.31
Flower power 0F48,PI040298AD5I210985,2018-09-17 20:43:33,-1.0,0.1,10.47,20.26
Flower power 0F48,PI040298AD5I210985,2018-09-17 20:58:33,-1.0,0.1,10.47,19.53
Flower power 0F48,PI040298AD5I210985,2018-09-17 21:13:33,-1.0,0.1,10.2,19.77
Flower power 0F48,PI040298AD5I210985,2018-09-17 21:28:33,-1.0,0.1,10.47,20.01
Flower power 0F48,PI040298AD5I210985,2018-09-17 21:43:33,-1.0,0.1,10.07,18.59
Flower power 0F48,PI040298AD5I210985,2018-09-17 21:58:33,-1.0,0.1,10.47,17.63
Flower power 0F48,PI040298AD5I210985,2018-09-17 22:13:33,-1.0,0.1,10.6,17.78
Flower power 0F48,PI040298AD5I210985,2018-09-17 22:28:33,-1.0,0.1,10.47,17.27
Flower power 0F48,PI040298AD5I210985,2018-09-17 22:43:33,-1.0,0.1,10.47,16.71
Flower power 0F48,PI040298AD5I210985,2018-09-17 22:58:33,-1.0,0.1,10.47,16.5
Flower power 0F48,PI040298AD5I210985,2018-09-17 23:13:33,-1.0,0.1,10.47,16.29
Flower power 0F48,PI040298AD5I210985,2018-09-17 23:28:33,-1.0,0.1,10.07,16.03
Flower power 0F48,PI040298AD5I210985,2018-09-17 23:43:33,-1.0,0.1,10.47,15.82
Flower power 0F48,PI040298AD5I210985,2018-09-17 23:58:33,-1.0,0.1,10.47,15.61
Flower power 0F48,PI040298AD5I210985,2018-09-18 00:13:33,-1.0,0.1,9.94,15.56
Flower power 0F48,PI040298AD5I210985,2018-09-18 00:28:33,-1.0,0.1,10.6,15.82
Flower power 0F48,PI040298AD5I210985,2018-09-18 00:43:33,-1.0,0.1,9.94,15.77
Flower power 0F48,PI040298AD5I210985,2018-09-18 00:58:33,-1.0,0.1,10.34,15.56
Flower power 0F48,PI040298AD5I210985,2018-09-18 01:13:33,-1.0,0.1,10.6,15.24
Flower power 0F48,PI040298AD5I210985,2018-09-18 01:28:33,-1.0,0.1,10.47,15.03
Flower power 0F48,PI040298AD5I210985,2018-09-18 01:43:33,-1.0,0.1,9.94,14.92
Flower power 0F48,PI040298AD5I210985,2018-09-18 01:58:33,-1.0,0.1,10.6,14.81
Flower power 0F48,PI040298AD5I210985,2018-09-18 02:13:33,-1.0,0.1,10.07,14.7
Flower power 0F48,PI040298AD5I210985,2018-09-18 02:28:33,-1.0,0.1,10.47,14.38
Flower power 0F48,PI040298AD5I210985,2018-09-18 02:43:33,-1.0,0.1,10.2,14.11
Flower power 0F48,PI040298AD5I210985,2018-09-18 02:58:33,-1.0,0.1,10.47,14.11
Flower power 0F48,PI040298AD5I210985,2018-09-18 03:13:33,-1.0,0.1,10.2,14.11
Flower power 0F48,PI040298AD5I210985,2018-09-18 03:28:33,-1.0,0.1,10.34,14.0
Flower power 0F48,PI040298AD5I210985,2018-09-18 03:43:33,-1.0,0.1,10.34,13.89
Flower power 0F48,PI040298AD5I210985,2018-09-18 03:58:33,-1.0,0.1,10.34,14.11
Flower power 0F48,PI040298AD5I210985,2018-09-18 04:13:33,-1.0,0.1,10.34,14.43
Flower power 0F48,PI040298AD5I210985,2018-09-18 04:28:33,-1.0,0.1,10.2,14.05
Flower power 0F48,PI040298AD5I210985,2018-09-18 04:43:33,-1.0,0.1,10.34,13.67
Flower power 0F48,PI040298AD5I210985,2018-09-18 04:58:33,-1.0,0.1,10.47,13.4
Flower power 0F48,PI040298AD5I210985,2018-09-18 05:13:33,-1.0,0.1,10.6,13.34
Flower power 0F48,PI040298AD5I210985,2018-09-18 05:28:33,-1.0,0.1,10.07,13.4
Flower power 0F48,PI040298AD5I210985,2018-09-18 05:43:33,-1.0,0.1,10.07,13.34
Flower power 0F48,PI040298AD5I210985,2018-09-18 05:58:33,-1.0,0.1,10.2,13.23
Flower power 0F48,PI040298AD5I210985,2018-09-18 06:13:33,-1.0,0.26,9.94,13.28
Flower power 0F48,PI040298AD5I210985,2018-09-18 06:28:33,-1.0,1.37,10.34,13.56
Flower power 0F48,PI040298AD5I210985,2018-09-18 06:43:33,-1.0,3.22,10.34,14.33
Flower power 0F48,PI040298AD5I210985,2018-09-18 06:58:33,-1.0,5.11,10.47,15.61
Flower power 0F48,PI040298AD5I210985,2018-09-18 07:13:33,-1.0,6.87,10.07,17.02
Flower power 0F48,PI040298AD5I210985,2018-09-18 07:28:33,-1.0,8.91,10.34,18.44
Flower power 0F48,PI040298AD5I210985,2018-09-18 07:43:33,-1.0,10.72,10.6,20.69
Flower power 0F48,PI040298AD5I210985,2018-09-18 07:58:33,-1.0,22.9,10.47,22.96
Flower power 0F48,PI040298AD5I210985,2018-09-18 08:13:33,-1.0,45.96,10.2,26.33
Flower power 0F48,PI040298AD5I210985,2018-09-18 08:28:33,-1.0,54.99,10.07,30.59
Flower power 0F48,PI040298AD5I210985,2018-09-18 08:43:33,-1.0,66.43,10.2,34.91
Flower power 0F48,PI040298AD5I210985,2018-09-18 08:58:33,-1.0,72.19,10.47,39.22
Flower power 0F48,PI040298AD5I210985,2018-09-18 09:13:33,-1.0,77.8,10.07,43.03
Flower power 0F48,PI040298AD5I210985,2018-09-18 09:28:33,-1.0,82.92,10.07,45.82
Flower power 0F48,PI040298AD5I210985,2018-09-18 09:43:33,-1.0,89.53,10.34,48.77
Flower power 0F48,PI040298AD5I210985,2018-09-18 09:58:33,-1.0,96.33,10.6,51.02
Flower power 0F48,PI040298AD5I210985,2018-09-18 10:13:33,-1.0,103.16,10.47,50.95
Flower power 0F48,PI040298AD5I210985,2018-09-18 10:28:33,-1.0,106.38,10.47,52.67
Flower power 0F48,PI040298AD5I210985,2018-09-18 10:43:33,-1.0,109.8,10.2,52.61
Flower power 0F48,PI040298AD5I210985,2018-09-18 10:58:33,-1.0,108.63,10.34,53.94
Flower power 0F48,PI040298AD5I210985,2018-09-18 11:13:33,-1.0,108.63,10.07,54.07
Flower power 0F48,PI040298AD5I210985,2018-09-18 11:28:33,-1.0,110.99,10.34,53.88
Flower power 0F48,PI040298AD5I210985,2018-09-18 11:43:33,-1.0,108.63,10.6,54.72
Flower power 0F48,PI040298AD5I210985,2018-09-18 11:58:33,-1.0,109.8,10.34,55.0
Flower power 0F48,PI040298AD5I210985,2018-09-18 12:13:33,-1.0,105.28,10.34,54.92
Flower power 0F48,PI040298AD5I210985,2018-09-18 12:28:33,-1.0,106.38,10.2,55.0
Flower power 0F48,PI040298AD5I210985,2018-09-18 12:43:33,-1.0,105.28,10.6,53.43
Flower power 0F48,PI040298AD5I210985,2018-09-18 12:58:33,-1.0,105.28,10.47,55.0
Flower power 0F48,PI040298AD5I210985,2018-09-18 13:13:33,-1.0,106.38,10.2,53.88
Flower power 0F48,PI040298AD5I210985,2018-09-18 13:28:33,-1.0,105.28,9.94,53.3
Flower power 0F48,PI040298AD5I210985,2018-09-18 13:43:33,-1.0,99.14,10.34,52.8
Flower power 0F48,PI040298AD5I210985,2018-09-18 13:58:33,-1.0,101.11,10.6,53.11
Flower power 0F48,PI040298AD5I210985,2018-09-18 14:13:33,-1.0,90.33,10.2,51.14
Flower power 0F48,PI040298AD5I210985,2018-09-18 14:28:33,-1.0,93.67,10.07,47.92
Flower power 0F48,PI040298AD5I210985,2018-09-18 14:43:33,-1.0,13.81,10.07,38.32
Flower power 0F48,PI040298AD5I210985,2018-09-18 14:58:33,-1.0,14.33,10.47,31.6
Flower power 0F48,PI040298AD5I210985,2018-09-18 15:13:33,-1.0,13.88,10.07,31.38
Flower power 0F48,PI040298AD5I210985,2018-09-18 15:28:33,-1.0,10.78,10.34,29.79
Flower power 0F48,PI040298AD5I210985,2018-09-18 15:43:33,-1.0,11.45,10.34,29.57
Flower power 0F48,PI040298AD5I210985,2018-09-18 15:58:33,-1.0,10.5,10.47,29.04
Flower power 0F48,PI040298AD5I210985,2018-09-18 16:13:33,-1.0,9.08,10.47,28.46
Flower power 0F48,PI040298AD5I210985,2018-09-18 16:28:33,-1.0,8.24,10.34,27.89
Flower power 0F48,PI040298AD5I210985,2018-09-18 16:43:33,-1.0,7.64,10.2,27.44
Flower power 0F48,PI040298AD5I210985,2018-09-18 16:58:33,-1.0,7.15,10.2,26.86
Flower power 0F48,PI040298AD5I210985,2018-09-18 17:13:33,-1.0,6.72,10.07,26.6
Flower power 0F48,PI040298AD5I210985,2018-09-18 17:28:33,-1.0,6.0,10.6,26.15
Flower power 0F48,PI040298AD5I210985,2018-09-18 17:43:33,-1.0,5.17,10.34,25.79
Flower power 0F48,PI040298AD5I210985,2018-09-18 17:58:33,-1.0,4.09,10.47,24.93
Flower power 0F48,PI040298AD5I210985,2018-09-18 18:13:33,-1.0,2.65,10.47,24.2
Flower power 0F48,PI040298AD5I210985,2018-09-18 18:28:33,-1.0,0.87,10.34,23.47
Flower power 0F48,PI040298AD5I210985,2018-09-18 18:43:33,-1.0,0.16,10.47,22.63
Flower power 0F48,PI040298AD5I210985,2018-09-18 18:58:33,-1.0,0.1,10.47,22.26
Flower power 0F48,PI040298AD5I210985,2018-09-18 19:13:33,-1.0,0.1,10.34,21.45
Flower power 0F48,PI040298AD5I210985,2018-09-18 19:28:33,-1.0,0.1,10.2,20.98
Flower power 0F48,PI040298AD5I210985,2018-09-18 19:43:33,-1.0,0.1,10.6,20.64
Flower power 0F48,PI040298AD5I210985,2018-09-18 19:58:33,-1.0,0.1,10.07,20.16
Flower power 0F48,PI040298AD5I210985,2018-09-18 20:13:33,-1.0,0.1,10.07,19.57
Flower power 0F48,PI040298AD5I210985,2018-09-18 20:28:33,-1.0,0.1,10.47,19.13
Flower power 0F48,PI040298AD5I210985,2018-09-18 20:43:33,-1.0,0.1,10.34,18.88
Flower power 0F48,PI040298AD5I210985,2018-09-18 20:58:33,-1.0,0.1,10.07,18.39
Flower power 0F48,PI040298AD5I210985,2018-09-18 21:13:33,-1.0,0.1,9.8,18.49
Flower power 0F48,PI040298AD5I210985,2018-09-18 21:28:33,-1.0,0.1,10.2,18.08
Flower power 0F48,PI040298AD5I210985,2018-09-18 21:43:33,-1.0,0.1,9.94,17.98
Flower power 0F48,PI040298AD5I210985,2018-09-18 21:58:33,-1.0,0.1,10.07,18.13
Flower power 0F48,PI040298AD5I210985,2018-09-18 22:13:33,-1.0,0.1,9.94,18.08
Flower power 0F48,PI040298AD5I210985,2018-09-18 22:28:33,-1.0,0.1,10.2,17.73
Flower power 0F48,PI040298AD5I210985,2018-09-18 22:43:33,-1.0,0.1,10.2,17.27
Flower power 0F48,PI040298AD5I210985,2018-09-18 22:58:33,-1.0,0.1,10.2,16.71
Flower power 0F48,PI040298AD5I210985,2018-09-18 23:13:33,-1.0,0.1,9.8,16.29
Flower power 0F48,PI040298AD5I210985,2018-09-18 23:28:33,-1.0,0.1,10.6,15.66
Flower power 0F48,PI040298AD5I210985,2018-09-18 23:43:33,-1.0,0.1,10.34,15.56
Flower power 0F48,PI040298AD5I210985,2018-09-18 23:58:33,-1.0,0.1,10.34,15.77
Flower power 0F48,PI040298AD5I210985,2018-09-19 00:13:33,-1.0,0.1,10.2,15.72
Flower power 0F48,PI040298AD5I210985,2018-09-19 00:28:33,-1.0,0.1,10.34,15.66
Flower power 0F48,PI040298AD5I210985,2018-09-19 00:43:33,-1.0,0.1,10.34,15.45
Flower power 0F48,PI040298AD5I210985,2018-09-19 00:58:33,-1.0,0.1,10.07,15.24
Flower power 0F48,PI040298AD5I210985,2018-09-19 01:13:33,-1.0,0.1,10.34,15.19
Flower power 0F48,PI040298AD5I210985,2018-09-19 01:28:33,-1.0,0.1,9.94,14.76
Flower power 0F48,PI040298AD5I210985,2018-09-19 01:43:33,-1.0,0.1,10.34,14.33
Flower power 0F48,PI040298AD5I210985,2018-09-19 01:58:33,-1.0,0.1,10.47,14.16
Flower power 0F48,PI040298AD5I210985,2018-09-19 02:13:33,-1.0,0.1,10.07,13.89
Flower power 0F48,PI040298AD5I210985,2018-09-19 02:28:33,-1.0,0.1,10.07,13.95
Flower power 0F48,PI040298AD5I210985,2018-09-19 02:43:33,-1.0,0.1,10.2,14.05
Flower power 0F48,PI040298AD5I210985,2018-09-19 02:58:33,-1.0,0.1,9.94,13.89
Flower power 0F48,PI040298AD5I210985,2018-09-19 03:13:33,-1.0,0.1,10.34,13.45
Flower power 0F48,PI040298AD5I210985,2018-09-19 03:28:33,-1.0,0.1,10.07,13.28
Flower power 0F48,PI040298AD5I210985,2018-09-19 03:43:33,-1.0,0.1,10.34,13.34
Flower power 0F48,PI040298AD5I210985,2018-09-19 03:58:33,-1.0,0.1,10.47,14.0
Flower power 0F48,PI040298AD5I210985,2018-09-19 04:13:33,-1.0,0.1,9.94,14.22
Flower power 0F48,PI040298AD5I210985,2018-09-19 04:28:33,-1.0,0.1,10.2,14.54
Flower power 0F48,PI040298AD5I210985,2018-09-19 04:43:33,-1.0,0.1,10.2,14.54
Flower power 0F48,PI040298AD5I210985,2018-09-19 04:58:33,-1.0,0.1,10.2,14.6
Flower power 0F48,PI040298AD5I210985,2018-09-19 05:13:33,-1.0,0.1,9.94,14.22
Flower power 0F48,PI040298AD5I210985,2018-09-19 05:28:33,-1.0,0.1,9.8,14.43
Flower power 0F48,PI040298AD5I210985,2018-09-19 05:43:33,-1.0,0.1,10.07,13.78
Flower power 0F48,PI040298AD5I210985,2018-09-19 05:58:33,-1.0,0.1,10.07,13.84
Flower power 0F48,PI040298AD5I210985,2018-09-19 06:13:33,-1.0,0.25,10.07,14.11
Flower power 0F48,PI040298AD5I210985,2018-09-19 06:28:33,-1.0,1.27,10.2,13.67
Flower power 0F48,PI040298AD5I210985,2018-09-19 06:43:33,-1.0,3.02,10.34,14.6
Flower power 0F48,PI040298AD5I210985,2018-09-19 06:58:33,-1.0,5.03,10.47,15.61
Flower power 0F48,PI040298AD5I210985,2018-09-19 07:13:33,-1.0,6.87,9.8,16.6
Flower power 0F48,PI040298AD5I210985,2018-09-19 07:28:33,-1.0,8.98,9.94,18.34
Flower power 0F48,PI040298AD5I210985,2018-09-19 07:43:33,-1.0,12.57,9.94,20.06
Flower power 0F48,PI040298AD5I210985,2018-09-19 07:58:33,-1.0,31.12,10.07,22.54
Flower power 0F48,PI040298AD5I210985,2018-09-19 08:13:33,-1.0,52.08,10.07,26.1
Flower power 0F48,PI040298AD5I210985,2018-09-19 08:28:33,-1.0,51.0,9.94,29.97
Flower power 0F48,PI040298AD5I210985,2018-09-19 08:43:33,-1.0,67.33,10.34,32.27
Flower power 0F48,PI040298AD5I210985,2018-09-19 08:58:33,-1.0,73.25,9.94,36.64
Flower power 0F48,PI040298AD5I210985,2018-09-19 09:13:33,-1.0,79.02,10.07,40.77
Flower power 0F48,PI040298AD5I210985,2018-09-19 09:28:33,-1.0,84.31,10.07,43.75
Flower power 0F48,PI040298AD5I210985,2018-09-19 09:43:33,-1.0,91.14,10.2,47.02
Flower power 0F48,PI040298AD5I210985,2018-09-19 09:58:33,-1.0,98.19,10.47,50.0
Flower power 0F48,PI040298AD5I210985,2018-09-19 10:13:33,-1.0,105.28,10.07,52.8
Flower power 0F48,PI040298AD5I210985,2018-09-19 10:28:33,-1.0,107.49,9.94,53.88
Flower power 0F48,PI040298AD5I210985,2018-09-19 10:43:33,-1.0,109.8,10.34,53.37
Flower power 0F48,PI040298AD5I210985,2018-09-19 10:58:33,-1.0,112.2,10.2,54.98
Flower power 0F48,PI040298AD5I210985,2018-09-19 11:13:33,-1.0,110.99,10.07,54.52
Flower power 0F48,PI040298AD5I210985,2018-09-19 11:28:33,-1.0,117.33,10.2,54.85
Flower power 0F48,PI040298AD5I210985,2018-09-19 11:43:33,-1.0,118.68,10.47,55.0
Flower power 0F48,PI040298AD5I210985,2018-09-19 11:58:33,-1.0,120.06,10.47,55.0
Flower power 0F48,PI040298AD5I210985,2018-09-19 12:13:33,-1.0,118.68,10.34,55.0
Flower power 0F48,PI040298AD5I210985,2018-09-19 12:28:33,-1.0,116.0,10.47,55.0
Flower power 0F48,PI040298AD5I210985,2018-09-19 12:43:33,-1.0,114.71,10.07,55.0
Flower power 0F48,PI040298AD5I210985,2018-09-19 12:58:33,-1.0,107.49,10.34,55.0
Flower power 0F48,PI040298AD5I210985,2018-09-19 13:13:33,-1.0,96.33,10.07,55.0
Flower power 0F48,PI040298AD5I210985,2018-09-19 13:28:33,-1.0,89.53,10.34,55.0
Flower power 0F48,PI040298AD5I210985,2018-09-19 13:43:33,-1.0,85.74,10.2,54.39
Flower power 0F48,PI040298AD5I210985,2018-09-19 13:58:33,-1.0,82.92,10.34,51.5
Flower power 0F48,PI040298AD5I210985,2018-09-19 14:13:33,-1.0,82.92,10.34,50.12
Flower power 0F48,PI040298AD5I210985,2018-09-19 14:28:33,-1.0,79.64,9.94,47.8
Flower power 0F48,PI040298AD5I210985,2018-09-19 14:43:33,-1.0,23.3,10.47,39.08
Flower power 0F48,PI040298AD5I210985,2018-09-19 14:58:33,-1.0,15.79,9.94,31.69
Flower power 0F48,PI040298AD5I210985,2018-09-19 15:13:33,-1.0,18.79,10.07,30.14
Flower power 0F48,PI040298AD5I210985,2018-09-19 15:28:33,-1.0,10.66,10.6,28.51
Flower power 0F48,PI040298AD5I210985,2018-09-19 15:43:33,-1.0,10.3,10.47,27.31
Flower power 0F48,PI040298AD5I210985,2018-09-19 15:58:33,-1.0,10.09,10.2,27.04
Flower power 0F48,PI040298AD5I210985,2018-09-19 16:13:33,-1.0,9.58,10.2,26.6
Flower power 0F48,PI040298AD5I210985,2018-09-19 16:28:33,-1.0,9.3,10.47,26.19
Flower power 0F48,PI040298AD5I210985,2018-09-19 16:43:33,-1.0,8.92,9.94,26.01
Flower power 0F48,PI040298AD5I210985,2018-09-19 16:58:33,-1.0,8.21,10.47,25.74
Flower power 0F48,PI040298AD5I210985,2018-09-19 17:13:33,-1.0,7.36,10.34,25.47
Flower power 0F48,PI040298AD5I210985,2018-09-19 17:28:33,-1.0,6.68,10.2,24.93
Flower power 0F48,PI040298AD5I210985,2018-09-19 17:43:33,-1.0,5.66,10.34,24.43
Flower power 0F48,PI040298AD5I210985,2018-09-19 17:58:33,-1.0,4.4,10.6,23.65
Flower power 0F48,PI040298AD5I210985,2018-09-19 18:13:33,-1.0,2.69,10.2,22.44
Flower power 0F48,PI040298AD5I210985,2018-09-19 18:28:33,-1.0,1.09,10.07,21.07
Flower power 0F48,PI040298AD5I210985,2018-09-19 18:43:33,-1.0,0.16,10.34,19.67
Flower power 0F48,PI040298AD5I210985,2018-09-19 18:58:33,-1.0,0.1,9.94,18.93
Flower power 0F48,PI040298AD5I210985,2018-09-19 19:13:33,-1.0,0.1,10.34,18.49
Flower power 0F48,PI040298AD5I210985,2018-09-19 19:28:33,-1.0,0.1,9.94,18.08
Flower power 0F48,PI040298AD5I210985,2018-09-19 19:43:33,-1.0,0.1,10.47,17.73
Flower power 0F48,PI040298AD5I210985,2018-09-19 19:58:33,-1.0,0.1,10.47,17.38
Flower power 0F48,PI040298AD5I210985,2018-09-19 20:13:33,-1.0,0.1,9.94,16.66
Flower power 0F48,PI040298AD5I210985,2018-09-19 20:28:33,-1.0,0.1,10.2,16.55
Flower power 0F48,PI040298AD5I210985,2018-09-19 20:43:33,-1.0,0.1,10.07,16.5
Flower power 0F48,PI040298AD5I210985,2018-09-19 20:58:33,-1.0,0.1,10.07,16.4
Flower power 0F48,PI040298AD5I210985,2018-09-19 21:13:33,-1.0,0.1,10.2,16.24
Flower power 0F48,PI040298AD5I210985,2018-09-19 21:28:33,-1.0,0.1,10.07,16.08
Flower power 0F48,PI040298AD5I210985,2018-09-19 21:43:33,-1.0,0.1,10.34,15.93
Flower power 0F48,PI040298AD5I210985,2018-09-19 21:58:33,-1.0,0.1,10.07,15.72
Flower power 0F48,PI040298AD5I210985,2018-09-19 22:13:33,-1.0,0.1,10.34,15.5
Flower power 0F48,PI040298AD5I210985,2018-09-19 22:28:33,-1.0,0.1,10.07,15.35
Flower power 0F48,PI040298AD5I210985,2018-09-19 22:43:33,-1.0,0.1,10.34,15.82
Flower power 0F48,PI040298AD5I210985,2018-09-19 22:58:33,-1.0,0.1,10.47,15.77
Flower power 0F48,PI040298AD5I210985,2018-09-19 23:13:33,-1.0,0.1,9.94,15.72
Flower power 0F48,PI040298AD5I210985,2018-09-19 23:28:33,-1.0,0.1,10.34,15.29
Flower power 0F48,PI040298AD5I210985,2018-09-19 23:43:33,-1.0,0.1,10.07,15.08
Flower power 0F48,PI040298AD5I210985,2018-09-19 23:58:33,-1.0,0.1,10.34,14.97
Flower power 0F48,PI040298AD5I210985,2018-09-20 00:13:33,-1.0,0.1,10.34,14.49
Flower power 0F48,PI040298AD5I210985,2018-09-20 00:28:33,-1.0,0.1,9.94,14.49
Flower power 0F48,PI040298AD5I210985,2018-09-20 00:43:33,-1.0,0.1,10.07,14.6
Flower power 0F48,PI040298AD5I210985,2018-09-20 00:58:33,-1.0,0.1,10.47,14.6
Flower power 0F48,PI040298AD5I210985,2018-09-20 01:13:33,-1.0,0.1,9.94,14.43
Flower power 0F48,PI040298AD5I210985,2018-09-20 01:28:33,-1.0,0.1,9.94,14.16
Flower power 0F48,PI040298AD5I210985,2018-09-20 01:43:33,-1.0,0.1,10.2,14.22
Flower power 0F48,PI040298AD5I210985,2018-09-20 01:58:33,-1.0,0.1,10.2,14.22
Flower power 0F48,PI040298AD5I210985,2018-09-20 02:13:33,-1.0,0.1,9.94,14.49
Flower power 0F48,PI040298AD5I210985,2018-09-20 02:28:33,-1.0,0.1,9.8,14.38
Flower power 0F48,PI040298AD5I210985,2018-09-20 02:43:33,-1.0,0.1,10.07,14.16
Flower power 0F48,PI040298AD5I210985,2018-09-20 02:58:33,-1.0,0.1,10.34,14.11
Flower power 0F48,PI040298AD5I210985,2018-09-20 03:13:33,-1.0,0.1,10.34,14.92
Flower power 0F48,PI040298AD5I210985,2018-09-20 03:28:33,-1.0,0.1,10.47,14.0
Flower power 0F48,PI040298AD5I210985,2018-09-20 03:43:33,-1.0,0.1,9.94,13.34
Flower power 0F48,PI040298AD5I210985,2018-09-20 03:58:33,-1.0,0.1,10.34,13.12
Flower power 0F48,PI040298AD5I210985,2018-09-20 04:13:33,-1.0,0.1,9.94,12.95
Flower power 0F48,PI040298AD5I210985,2018-09-20 04:28:33,-1.0,0.1,10.34,13.01
Flower power 0F48,PI040298AD5I210985,2018-09-20 04:43:33,-1.0,0.1,9.8,13.23
Flower power 0F48,PI040298AD5I210985,2018-09-20 04:58:33,-1.0,0.1,10.47,13.4
Flower power 0F48,PI040298AD5I210985,2018-09-20 05:13:33,-1.0,0.1,9.8,13.67
Flower power 0F48,PI040298AD5I210985,2018-09-20 05:28:33,-1.0,0.1,10.07,13.73
Flower power 0F48,PI040298AD5I210985,2018-09-20 05:43:33,-1.0,0.1,10.2,13.73
Flower power 0F48,PI040298AD5I210985,2018-09-20 05:58:33,-1.0,0.1,10.07,13.73
Flower power 0F48,PI040298AD5I210985,2018-09-20 06:13:33,-1.0,0.25,10.34,13.78
Flower power 0F48,PI040298AD5I210985,2018-09-20 06:28:33,-1.0,1.37,10.07,14.11
Flower power 0F48,PI040298AD5I210985,2018-09-20 06:43:33,-1.0,3.25,9.8,14.92
Flower power 0F48,PI040298AD5I210985,2018-09-20 06:58:33,-1.0,5.5,10.47,15.87
Flower power 0F48,PI040298AD5I210985,2018-09-20 07:13:33,-1.0,6.94,9.8,17.22
Flower power 0F48,PI040298AD5I210985,2018-09-20 07:28:33,-1.0,8.93,10.34,18.93
Flower power 0F48,PI040298AD5I210985,2018-09-20 07:43:33,-1.0,12.25,9.94,20.79
Flower power 0F48,PI040298AD5I210985,2018-09-20 07:58:33,-1.0,26.22,10.2,23.56
Flower power 0F48,PI040298AD5I210985,2018-09-20 08:13:33,-1.0,54.09,10.2,26.78
Flower power 0F48,PI040298AD5I210985,2018-09-20 08:28:33,-1.0,52.08,10.34,30.45
Flower power 0F48,PI040298AD5I210985,2018-09-20 08:43:33,-1.0,62.66,10.47,33.2
Flower power 0F48,PI040298AD5I210985,2018-09-20 08:58:33,-1.0,71.68,10.47,37.15
Flower power 0F48,PI040298AD5I210985,2018-09-20 09:13:33,-1.0,76.61,10.34,40.09
Flower power 0F48,PI040298AD5I210985,2018-09-20 09:28:33,-1.0,81.58,9.94,42.21
Flower power 0F48,PI040298AD5I210985,2018-09-20 09:43:33,-1.0,87.98,10.2,44.27
Flower power 0F48,PI040298AD5I210985,2018-09-20 09:58:33,-1.0,95.43,10.47,45.92
Flower power 0F48,PI040298AD5I210985,2018-09-20 10:13:33,-1.0,101.11,10.2,47.52
Flower power 0F48,PI040298AD5I210985,2018-09-20 10:28:33,-1.0,100.12,10.07,49.65
Flower power 0F48,PI040298AD5I210985,2018-09-20 10:43:33,-1.0,108.63,10.07,51.93
Flower power 0F48,PI040298AD5I210985,2018-09-20 10:58:33,-1.0,102.12,10.2,50.59
Flower power 0F48,PI040298AD5I210985,2018-09-20 11:13:33,-1.0,85.02,10.34,51.2
Flower power 0F48,PI040298AD5I210985,2018-09-20 11:28:33,-1.0,99.14,10.47,51.14
Flower power 0F48,PI040298AD5I210985,2018-09-20 11:43:33,-1.0,116.0,10.34,51.75
Flower power 0F48,PI040298AD5I210985,2018-09-20 11:58:33,-1.0,121.48,10.34,53.75
Flower power 0F48,PI040298AD5I210985,2018-09-20 12:13:33,-1.0,121.48,10.2,53.62
Flower power 0F48,PI040298AD5I210985,2018-09-20 12:28:33,-1.0,124.41,10.07,54.46
Flower power 0F48,PI040298AD5I210985,2018-09-20 12:43:33,-1.0,125.93,10.34,55.0
Flower power 0F48,PI040298AD5I210985,2018-09-20 12:58:33,-1.0,127.48,10.2,54.14
Flower power 0F48,PI040298AD5I210985,2018-09-20 13:13:33,-1.0,127.48,10.07,54.07
Flower power 0F48,PI040298AD5I210985,2018-09-20 13:28:33,-1.0,127.48,9.94,53.3
Flower power 0F48,PI040298AD5I210985,2018-09-20 13:43:33,-1.0,122.93,10.34,52.11
Flower power 0F48,PI040298AD5I210985,2018-09-20 13:58:33,-1.0,117.33,10.34,51.26
Flower power 0F48,PI040298AD5I210985,2018-09-20 14:13:33,-1.0,108.63,10.2,49.12
Flower power 0F48,PI040298AD5I210985,2018-09-20 14:28:33,-1.0,105.28,10.47,47.24
Flower power 0F48,PI040298AD5I210985,2018-09-20 14:43:33,-1.0,21.28,10.34,39.6
Flower power 0F48,PI040298AD5I210985,2018-09-20 14:58:33,-1.0,14.73,10.07,32.04
Flower power 0F48,PI040298AD5I210985,2018-09-20 15:13:33,-1.0,25.86,10.2,31.29
Flower power 0F48,PI040298AD5I210985,2018-09-20 15:28:33,-1.0,11.45,10.34,29.35
Flower power 0F48,PI040298AD5I210985,2018-09-20 15:43:33,-1.0,12.16,10.6,28.69
Flower power 0F48,PI040298AD5I210985,2018-09-20 15:58:33,-1.0,11.0,10.47,28.24
Flower power 0F48,PI040298AD5I210985,2018-09-20 16:13:33,-1.0,10.92,10.34,28.02
Flower power 0F48,PI040298AD5I210985,2018-09-20 16:28:33,-1.0,10.61,10.34,27.8
Flower power 0F48,PI040298AD5I210985,2018-09-20 16:43:33,-1.0,10.03,10.07,27.31
Flower power 0F48,PI040298AD5I210985,2018-09-20 16:58:33,-1.0,9.2,10.2,26.91
Flower power 0F48,PI040298AD5I210985,2018-09-20 17:13:33,-1.0,8.21,10.34,26.42
Flower power 0F48,PI040298AD5I210985,2018-09-20 17:28:33,-1.0,7.16,10.47,26.06
Flower power 0F48,PI040298AD5I210985,2018-09-20 17:43:33,-1.0,5.89,10.2,25.56
Flower power 0F48,PI040298AD5I210985,2018-09-20 17:58:33,-1.0,4.43,10.34,24.7
Flower power 0F48,PI040298AD5I210985,2018-09-20 18:13:33,-1.0,2.71,10.34,23.83
Flower power 0F48,PI040298AD5I210985,2018-09-20 18:28:33,-1.0,1.04,10.2,22.68
Flower power 0F48,PI040298AD5I210985,2018-09-20 18:43:33,-1.0,0.14,10.6,21.55
Flower power 0F48,PI040298AD5I210985,2018-09-20 18:58:33,-1.0,0.1,10.34,20.21
Flower power 0F48,PI040298AD5I210985,2018-09-20 19:13:33,-1.0,0.1,10.34,19.82
Flower power 0F48,PI040298AD5I210985,2018-09-20 19:28:33,-1.0,0.1,10.07,19.77
Flower power 0F48,PI040298AD5I210985,2018-09-20 19:43:33,-1.0,0.1,10.2,19.57
Flower power 0F48,PI040298AD5I210985,2018-09-20 19:58:33,-1.0,0.1,9.94,19.38
Flower power 0F48,PI040298AD5I210985,2018-09-20 20:13:33,-1.0,0.1,9.8,18.93
Flower power 0F48,PI040298AD5I210985,2018-09-20 20:28:33,-1.0,0.1,9.8,18.88
Flower power 0F48,PI040298AD5I210985,2018-09-20 20:43:33,-1.0,0.1,10.47,19.62
Flower power 0F48,PI040298AD5I210985,2018-09-20 20:58:33,-1.0,0.1,10.47,19.23
Flower power 0F48,PI040298AD5I210985,2018-09-20 21:13:33,-1.0,0.1,10.47,18.74
Flower power 0F48,PI040298AD5I210985,2018-09-20 21:28:33,-1.0,0.1,10.34,18.13
Flower power 0F48,PI040298AD5I210985,2018-09-20 21:43:33,-1.0,0.1,10.2,17.63
Flower power 0F48,PI040298AD5I210985,2018-09-20 21:58:33,-1.0,0.1,10.07,18.49
Flower power 0F48,PI040298AD5I210985,2018-09-20 22:13:33,-1.0,0.1,9.94,17.58
Flower power 0F48,PI040298AD5I210985,2018-09-20 22:28:33,-1.0,0.1,9.94,19.08
Flower power 0F48,PI040298AD5I210985,2018-09-20 22:43:33,-1.0,0.1,10.07,18.83
Flower power 0F48,PI040298AD5I210985,2018-09-20 22:58:33,-1.0,0.1,10.34,17.07
Flower power 0F48,PI040298AD5I210985,2018-09-20 23:13:33,-1.0,0.1,10.2,16.14
Flower power 0F48,PI040298AD5I210985,2018-09-20 23:28:33,-1.0,0.1,10.34,15.98
Flower power 0F48,PI040298AD5I210985,2018-09-20 23:43:33,-1.0,0.1,10.34,15.72
Flower power 0F48,PI040298AD5I210985,2018-09-20 23:58:33,-1.0,0.1,10.2,15.35
Flower power 0F48,PI040298AD5I210985,2018-09-21 00:13:33,-1.0,0.1,10.07,15.35
Flower power 0F48,PI040298AD5I210985,2018-09-21 00:28:33,-1.0,0.1,9.8,14.97
Flower power 0F48,PI040298AD5I210985,2018-09-21 00:43:33,-1.0,0.1,10.47,15.03
Flower power 0F48,PI040298AD5I210985,2018-09-21 00:58:33,-1.0,0.1,9.94,14.87
Flower power 0F48,PI040298AD5I210985,2018-09-21 01:13:33,-1.0,0.1,9.94,14.43
Flower power 0F48,PI040298AD5I210985,2018-09-21 01:28:33,-1.0,0.1,10.2,14.22
Flower power 0F48,PI040298AD5I210985,2018-09-21 01:43:33,-1.0,0.1,9.94,14.38
Flower power 0F48,PI040298AD5I210985,2018-09-21 01:58:33,-1.0,0.1,10.2,14.33
Flower power 0F48,PI040298AD5I210985,2018-09-21 02:13:33,-1.0,0.1,9.67,13.95
Flower power 0F48,PI040298AD5I210985,2018-09-21 02:28:33,-1.0,0.1,10.2,13.78
Flower power 0F48,PI040298AD5I210985,2018-09-21 02:43:33,-1.0,0.1,9.94,13.67
Flower power 0F48,PI040298AD5I210985,2018-09-21 02:58:33,-1.0,0.1,9.8,13.56
Flower power 0F48,PI040298AD5I210985,2018-09-21 03:13:33,-1.0,0.1,10.2,13.51
Flower power 0F48,PI040298AD5I210985,2018-09-21 03:28:33,-1.0,0.1,10.34,13.73
Flower power 0F48,PI040298AD5I210985,2018-09-21 03:43:33,-1.0,0.1,10.2,14.05
Flower power 0F48,PI040298AD5I210985,2018-09-21 03:58:33,-1.0,0.1,9.94,14.27
Flower power 0F48,PI040298AD5I210985,2018-09-21 04:13:33,-1.0,0.1,10.2,13.51
Flower power 0F48,PI040298AD5I210985,2018-09-21 04:28:33,-1.0,0.1,9.94,12.95
Flower power 0F48,PI040298AD5I210985,2018-09-21 04:43:33,-1.0,0.1,10.07,12.5
Flower power 0F48,PI040298AD5I210985,2018-09-21 04:58:33,-1.0,0.1,9.94,12.5
Flower power 0F48,PI040298AD5I210985,2018-09-21 05:13:33,-1.0,0.1,9.8,12.16
Flower power 0F48,PI040298AD5I210985,2018-09-21 05:28:33,-1.0,0.1,10.2,12.05
Flower power 0F48,PI040298AD5I210985,2018-09-21 05:43:33,-1.0,0.1,10.07,12.62
Flower power 0F48,PI040298AD5I210985,2018-09-21 05:58:33,-1.0,0.1,9.67,12.16
Flower power 0F48,PI040298AD5I210985,2018-09-21 06:13:33,-1.0,0.19,9.94,12.05
Flower power 0F48,PI040298AD5I210985,2018-09-21 06:28:33,-1.0,1.19,9.67,12.56
Flower power 0F48,PI040298AD5I210985,2018-09-21 06:43:33,-1.0,3.09,10.2,13.28
Flower power 0F48,PI040298AD5I210985,2018-09-21 06:58:33,-1.0,5.13,10.07,14.49
Flower power 0F48,PI040298AD5I210985,2018-09-21 07:13:33,-1.0,6.99,9.67,16.08
Flower power 0F48,PI040298AD5I210985,2018-09-21 07:28:33,-1.0,9.17,10.07,18.08
Flower power 0F48,PI040298AD5I210985,2018-09-21 07:43:33,-1.0,12.28,10.34,19.96
Flower power 0F48,PI040298AD5I210985,2018-09-21 07:58:33,-1.0,27.04,9.94,21.79
Flower power 0F48,PI040298AD5I210985,2018-09-21 08:13:33,-1.0,52.36,9.94,25.16
Flower power 0F48,PI040298AD5I210985,2018-09-21 08:28:33,-1.0,54.69,9.94,29.88
Flower power 0F48,PI040298AD5I210985,2018-09-21 08:43:33,-1.0,68.72,9.94,34.05
Flower power 0F48,PI040298AD5I210985,2018-09-21 08:58:33,-1.0,65.99,10.07,38.51
Flower power 0F48,PI040298AD5I210985,2018-09-21 09:13:33,-1.0,70.17,9.67,41.66
Flower power 0F48,PI040298AD5I210985,2018-09-21 09:28:33,-1.0,71.68,9.8,44.06
Flower power 0F48,PI040298AD5I210985,2018-09-21 09:43:33,-1.0,82.92,10.07,46.3
Flower power 0F48,PI040298AD5I210985,2018-09-21 09:58:33,-1.0,93.67,10.07,47.19
Flower power 0F48,PI040298AD5I210985,2018-09-21 10:13:33,-1.0,106.38,10.74,48.72
Flower power 0F48,PI040298AD5I210985,2018-09-21 10:28:33,-1.0,110.99,11.27,48.09
Flower power 0F48,PI040298AD5I210985,2018-09-21 10:43:33,-1.0,116.0,13.95,49.24
Flower power 0F48,PI040298AD5I210985,2018-09-21 10:58:33,-1.0,108.63,17.79,49.0
Flower power 0F48,PI040298AD5I210985,2018-09-21 11:13:33,-1.0,118.68,17.53,50.83
Flower power 0F48,PI040298AD5I210985,2018-09-21 11:28:33,-1.0,125.93,17.66,51.32
Flower power 0F48,PI040298AD5I210985,2018-09-21 11:43:33,-1.0,129.07,17.79,51.81
Flower power 0F48,PI040298AD5I210985,2018-09-21 11:58:33,-1.0,130.7,17.4,52.11
Flower power 0F48,PI040298AD5I210985,2018-09-21 12:13:33,-1.0,130.7,17.53,52.49
Flower power 0F48,PI040298AD5I210985,2018-09-21 12:28:33,-1.0,130.7,17.4,52.8
Flower power 0F48,PI040298AD5I210985,2018-09-21 12:43:33,-1.0,130.7,17.4,52.18
Flower power 0F48,PI040298AD5I210985,2018-09-21 12:58:33,-1.0,130.7,17.66,51.99
Flower power 0F48,PI040298AD5I210985,2018-09-21 13:13:33,-1.0,129.07,17.4,52.36
Flower power 0F48,PI040298AD5I210985,2018-09-21 13:28:33,-1.0,127.48,17.27,50.59
Flower power 0F48,PI040298AD5I210985,2018-09-21 13:43:33,-1.0,125.93,17.4,51.38
Flower power 0F48,PI040298AD5I210985,2018-09-21 13:58:33,-1.0,120.06,17.27,49.35
Flower power 0F48,PI040298AD5I210985,2018-09-21 14:13:33,-1.0,109.8,17.4,48.66
Flower power 0F48,PI040298AD5I210985,2018-09-21 14:28:33,-1.0,109.8,17.4,46.8
Flower power 0F48,PI040298AD5I210985,2018-09-21 14:43:33,-1.0,15.42,17.4,36.32
Flower power 0F48,PI040298AD5I210985,2018-09-21 14:58:33,-1.0,16.44,17.27,31.34
Flower power 0F48,PI040298AD5I210985,2018-09-21 15:13:33,-1.0,22.51,17.4,30.89
Flower power 0F48,PI040298AD5I210985,2018-09-21 15:28:33,-1.0,10.87,17.4,28.73
Flower power 0F48,PI040298AD5I210985,2018-09-21 15:43:33,-1.0,10.6,17.27,28.24
Flower power 0F48,PI040298AD5I210985,2018-09-21 15:58:33,-1.0,9.74,17.27,27.67
Flower power 0F48,PI040298AD5I210985,2018-09-21 16:13:33,-1.0,9.44,17.14,27.76
Flower power 0F48,PI040298AD5I210985,2018-09-21 16:28:33,-1.0,9.05,17.27,27.22
Flower power 0F48,PI040298AD5I210985,2018-09-21 16:43:33,-1.0,8.57,17.0,27.22
Flower power 0F48,PI040298AD5I210985,2018-09-21 16:58:33,-1.0,8.09,17.0,26.64
Flower power 0F48,PI040298AD5I210985,2018-09-21 17:13:33,-1.0,7.48,17.27,25.92
Flower power 0F48,PI040298AD5I210985,2018-09-21 17:28:33,-1.0,6.76,16.87,25.25
Flower power 0F48,PI040298AD5I210985,2018-09-21 17:43:33,-1.0,5.66,17.27,25.25
Flower power 0F48,PI040298AD5I210985,2018-09-21 17:58:33,-1.0,4.26,17.4,24.79
Flower power 0F48,PI040298AD5I210985,2018-09-21 18:13:33,-1.0,2.61,17.14,24.11
Flower power 0F48,PI040298AD5I210985,2018-09-21 18:28:33,-1.0,0.96,17.14,23.51
Flower power 0F48,PI040298AD5I210985,2018-09-21 18:43:33,-1.0,0.12,16.87,22.54
Flower power 0F48,PI040298AD5I210985,2018-09-21 18:58:33,-1.0,0.1,17.14,21.97
Flower power 0F48,PI040298AD5I210985,2018-09-21 19:13:33,-1.0,0.1,17.0,21.17
Flower power 0F48,PI040298AD5I210985,2018-09-21 19:28:33,-1.0,0.1,16.87,19.43
Flower power 0F48,PI040298AD5I210985,2018-09-21 19:43:33,-1.0,0.1,17.0,18.29
Flower power 0F48,PI040298AD5I210985,2018-09-21 19:58:33,-1.0,0.1,17.0,17.68
Flower power 0F48,PI040298AD5I210985,2018-09-21 20:13:33,-1.0,0.1,16.87,17.43
Flower power 0F48,PI040298AD5I210985,2018-09-21 20:28:33,-1.0,0.1,16.74,17.22
Flower power 0F48,PI040298AD5I210985,2018-09-21 20:43:33,-1.0,0.1,17.0,16.86
Flower power 0F48,PI040298AD5I210985,2018-09-21 20:58:33,-1.0,0.1,17.27,16.6
Flower power 0F48,PI040298AD5I210985,2018-09-21 21:13:33,-1.0,0.1,16.87,16.55
Flower power 0F48,PI040298AD5I210985,2018-09-21 21:28:33,-1.0,0.1,17.14,16.4
Flower power 0F48,PI040298AD5I210985,2018-09-21 21:43:33,-1.0,0.1,17.14,16.34
Flower power 0F48,PI040298AD5I210985,2018-09-21 21:58:33,-1.0,0.1,17.27,16.14
Flower power 0F48,PI040298AD5I210985,2018-09-21 22:13:33,-1.0,0.1,17.0,16.29
Flower power 0F48,PI040298AD5I210985,2018-09-21 22:28:33,-1.0,0.1,16.74,16.34
Flower power 0F48,PI040298AD5I210985,2018-09-21 22:43:33,-1.0,0.1,17.14,16.34
Flower power 0F48,PI040298AD5I210985,2018-09-21 22:58:33,-1.0,0.1,17.0,16.34
Flower power 0F48,PI040298AD5I210985,2018-09-21 23:13:33,-1.0,0.1,17.27,16.5
Flower power 0F48,PI040298AD5I210985,2018-09-21 23:28:33,-1.0,0.1,17.0,16.19
Flower power 0F48,PI040298AD5I210985,2018-09-21 23:43:33,-1.0,0.1,17.0,15.87
Flower power 0F48,PI040298AD5I210985,2018-09-21 23:58:33,-1.0,0.1,16.74,16.03
Flower power 0F48,PI040298AD5I210985,2018-09-22 00:13:33,-1.0,0.1,16.87,15.87
Flower power 0F48,PI040298AD5I210985,2018-09-22 00:28:33,-1.0,0.1,16.61,15.24
Flower power 0F48,PI040298AD5I210985,2018-09-22 00:43:33,-1.0,0.1,17.14,14.81
Flower power 0F48,PI040298AD5I210985,2018-09-22 00:58:33,-1.0,0.1,16.88,14.6
Flower power 0F48,PI040298AD5I210985,2018-09-22 01:13:33,-1.0,0.1,17.01,14.49
Flower power 0F48,PI040298AD5I210985,2018-09-22 01:28:33,-1.0,0.1,16.88,14.33
Flower power 0F48,PI040298AD5I210985,2018-09-22 01:43:33,-1.0,0.1,16.88,14.33
Flower power 0F48,PI040298AD5I210985,2018-09-22 01:58:33,-1.0,0.1,17.14,14.16
Flower power 0F48,PI040298AD5I210985,2018-09-22 02:13:33,-1.0,0.1,16.88,14.11
Flower power 0F48,PI040298AD5I210985,2018-09-22 02:28:33,-1.0,0.1,17.01,14.0
Flower power 0F48,PI040298AD5I210985,2018-09-22 02:43:33,-1.0,0.1,17.01,13.84
Flower power 0F48,PI040298AD5I210985,2018-09-22 02:58:33,-1.0,0.1,16.88,13.67
Flower power 0F48,PI040298AD5I210985,2018-09-22 03:13:33,-1.0,0.1,17.41,13.62
Flower power 0F48,PI040298AD5I210985,2018-09-22 03:28:33,-1.0,0.1,16.75,13.56
Flower power 0F48,PI040298AD5I210985,2018-09-22 03:43:33,-1.0,0.1,17.02,13.4
Flower power 0F48,PI040298AD5I210985,2018-09-22 03:58:33,-1.0,0.1,16.76,13.4
Flower power 0F48,PI040298AD5I210985,2018-09-22 04:13:33,-1.0,0.1,17.28,13.28
Flower power 0F48,PI040298AD5I210985,2018-09-22 04:28:33,-1.0,0.1,16.89,13.23
Flower power 0F48,PI040298AD5I210985,2018-09-22 04:43:33,-1.0,0.1,17.16,13.45
Flower power 0F48,PI040298AD5I210985,2018-09-22 04:58:33,-1.0,0.1,17.28,13.12
Flower power 0F48,PI040298AD5I210985,2018-09-22 05:13:33,-1.0,0.1,17.02,13.4
Flower power 0F48,PI040298AD5I210985,2018-09-22 05:28:33,-1.0,0.1,17.28,13.17
Flower power 0F48,PI040298AD5I210985,2018-09-22 05:43:33,-1.0,0.1,17.02,13.01
Flower power 0F48,PI040298AD5I210985,2018-09-22 05:58:33,-1.0,0.1,16.76,12.9
Flower power 0F48,PI040298AD5I210985,2018-09-22 06:13:33,-1.0,0.17,16.64,12.73
Flower power 0F48,PI040298AD5I210985,2018-09-22 06:28:33,-1.0,1.15,16.63,13.34
Flower power 0F48,PI040298AD5I210985,2018-09-22 06:43:33,-1.0,3.05,16.5,13.84
Flower power 0F48,PI040298AD5I210985,2018-09-22 06:58:33,-1.0,5.16,16.63,14.97
Flower power 0F48,PI040298AD5I210985,2018-09-22 07:13:33,-1.0,7.01,16.49,16.4
Flower power 0F48,PI040298AD5I210985,2018-09-22 07:28:33,-1.0,9.0,16.89,18.34
Flower power 0F48,PI040298AD5I210985,2018-09-22 07:43:33,-1.0,11.69,16.89,20.26
Flower power 0F48,PI040298AD5I210985,2018-09-22 07:58:33,-1.0,27.84,16.89,22.58
Flower power 0F48,PI040298AD5I210985,2018-09-22 08:13:33,-1.0,52.08,16.62,25.74
Flower power 0F48,PI040298AD5I210985,2018-09-22 08:28:33,-1.0,57.56,16.75,30.72
Flower power 0F48,PI040298AD5I210985,2018-09-22 08:43:33,-1.0,67.78,16.36,36.0
Flower power 0F48,PI040298AD5I210985,2018-09-22 08:58:33,-1.0,72.19,16.62,41.07
Flower power 0F48,PI040298AD5I210985,2018-09-22 09:13:33,-1.0,78.4,16.75,44.06
Flower power 0F48,PI040298AD5I210985,2018-09-22 09:28:33,-1.0,81.58,16.22,46.41
Flower power 0F48,PI040298AD5I210985,2018-09-22 09:43:33,-1.0,91.97,16.48,47.13
Flower power 0F48,PI040298AD5I210985,2018-09-22 09:58:33,-1.0,99.14,16.21,50.65
Flower power 0F48,PI040298AD5I210985,2018-09-22 10:13:33,-1.0,106.38,16.48,52.61
Flower power 0F48,PI040298AD5I210985,2018-09-22 10:28:33,-1.0,104.21,16.61,52.93
Flower power 0F48,PI040298AD5I210985,2018-09-22 10:43:33,-1.0,114.71,16.21,54.2
Flower power 0F48,PI040298AD5I210985,2018-09-22 10:58:33,-1.0,109.8,16.48,54.07
Flower power 0F48,PI040298AD5I210985,2018-09-22 11:13:33,-1.0,117.33,16.21,55.0
Flower power 0F48,PI040298AD5I210985,2018-09-22 11:28:33,-1.0,125.93,16.08,55.0
Flower power 0F48,PI040298AD5I210985,2018-09-22 11:43:33,-1.0,127.48,15.82,55.0
Flower power 0F48,PI040298AD5I210985,2018-09-22 11:58:33,-1.0,130.7,15.95,55.0
Flower power 0F48,PI040298AD5I210985,2018-09-22 12:13:33,-1.0,130.7,15.82,55.0
Flower power 0F48,PI040298AD5I210985,2018-09-22 12:28:33,-1.0,130.7,16.08,55.0
Flower power 0F48,PI040298AD5I210985,2018-09-22 12:43:33,-1.0,130.7,15.95,55.0
Flower power 0F48,PI040298AD5I210985,2018-09-22 12:58:33,-1.0,132.37,16.21,55.0
Flower power 0F48,PI040298AD5I210985,2018-09-22 13:13:33,-1.0,130.7,15.95,55.0
Flower power 0F48,PI040298AD5I210985,2018-09-22 13:28:33,-1.0,129.07,15.55,55.0
Flower power 0F48,PI040298AD5I210985,2018-09-22 13:43:33,-1.0,127.48,15.69,54.01
Flower power 0F48,PI040298AD5I210985,2018-09-22 13:58:33,-1.0,121.48,15.95,53.18
Flower power 0F48,PI040298AD5I210985,2018-09-22 14:13:33,-1.0,114.71,15.69,51.68
Flower power 0F48,PI040298AD5I210985,2018-09-22 14:28:33,-1.0,109.8,15.95,49.0
Flower power 0F48,PI040298AD5I210985,2018-09-22 14:43:33,-1.0,14.75,15.55,38.7
Flower power 0F48,PI040298AD5I210985,2018-09-22 14:58:33,-1.0,15.14,15.82,32.09
Flower power 0F48,PI040298AD5I210985,2018-09-22 15:13:33,-1.0,35.9,15.42,31.6
Flower power 0F48,PI040298AD5I210985,2018-09-22 15:28:33,-1.0,10.9,15.82,28.55
Flower power 0F48,PI040298AD5I210985,2018-09-22 15:43:33,-1.0,10.72,15.95,28.29
Flower power 0F48,PI040298AD5I210985,2018-09-22 15:58:33,-1.0,3.21,15.55,28.6
Flower power 0F48,PI040298AD5I210985,2018-09-22 16:13:33,-1.0,0.4,15.69,30.63
Flower power 0F48,PI040298AD5I210985,2018-09-22 16:28:33,-1.0,1.55,15.69,29.88
Flower power 0F48,PI040298AD5I210985,2018-09-22 16:43:33,-1.0,3.84,15.55,30.63
Flower power 0F48,PI040298AD5I210985,2018-09-22 16:58:33,-1.0,7.03,15.55,26.6
Flower power 0F48,PI040298AD5I210985,2018-09-22 17:13:33,-1.0,6.74,15.15,24.75
Flower power 0F48,PI040298AD5I210985,2018-09-22 17:28:33,-1.0,6.73,15.55,24.48
Flower power 0F48,PI040298AD5I210985,2018-09-22 17:43:33,-1.0,5.17,15.15,24.48
Flower power 0F48,PI040298AD5I210985,2018-09-22 17:58:33,-1.0,3.99,15.55,23.05
Flower power 0F48,PI040298AD5I210985,2018-09-22 18:13:33,-1.0,2.8,15.55,21.36
Flower power 0F48,PI040298AD5I210985,2018-09-22 18:28:33,-1.0,0.83,15.29,19.92
Flower power 0F48,PI040298AD5I210985,2018-09-22 18:43:33,-1.0,0.1,15.29,18.64
Flower power 0F48,PI040298AD5I210985,2018-09-22 18:58:33,-1.0,0.1,15.69,17.98
Flower power 0F48,PI040298AD5I210985,2018-09-22 19:13:33,-1.0,0.1,15.42,17.43
Flower power 0F48,PI040298AD5I210985,2018-09-22 19:28:33,-1.0,0.1,15.69,17.32
Flower power 0F48,PI040298AD5I210985,2018-09-22 19:43:33,-1.0,0.1,15.55,17.22
Flower power 0F48,PI040298AD5I210985,2018-09-22 19:58:33,-1.0,0.1,15.55,17.22
Flower power 0F48,PI040298AD5I210985,2018-09-22 20:13:33,-1.0,0.1,15.55,17.22
Flower power 0F48,PI040298AD5I210985,2018-09-22 20:28:33,-1.0,0.1,15.29,16.91
Flower power 0F48,PI040298AD5I210985,2018-09-22 20:43:33,-1.0,0.1,15.29,16.5
Flower power 0F48,PI040298AD5I210985,2018-09-22 20:58:33,-1.0,0.1,15.02,16.08
Flower power 0F48,PI040298AD5I210985,2018-09-22 21:13:33,-1.0,0.1,15.29,15.82
Flower power 0F48,PI040298AD5I210985,2018-09-22 21:28:33,-1.0,0.1,15.29,15.66
Flower power 0F48,PI040298AD5I210985,2018-09-22 21:43:33,-1.0,0.1,15.02,15.72
Flower power 0F48,PI040298AD5I210985,2018-09-22 21:58:33,-1.0,0.1,15.42,15.45
Flower power 0F48,PI040298AD5I210985,2018-09-22 22:13:33,-1.0,0.1,15.29,15.5
Flower power 0F48,PI040298AD5I210985,2018-09-22 22:28:33,-1.0,0.1,15.42,15.5
Flower power 0F48,PI040298AD5I210985,2018-09-22 22:43:33,-1.0,0.1,15.55,15.35
Flower power 0F48,PI040298AD5I210985,2018-09-22 22:58:33,-1.0,0.1,15.15,15.4
Flower power 0F48,PI040298AD5I210985,2018-09-22 23:13:33,-1.0,0.1,15.02,15.29
Flower power 0F48,PI040298AD5I210985,2018-09-22 23:28:33,-1.0,0.1,15.15,15.08
Flower power 0F48,PI040298AD5I210985,2018-09-22 23:43:33,-1.0,0.1,15.42,14.65
Flower power 0F48,PI040298AD5I210985,2018-09-22 23:58:33,-1.0,0.1,15.15,14.92
Flower power 0F48,PI040298AD5I210985,2018-09-23 00:13:33,-1.0,0.1,15.42,14.6
Flower power 0F48,PI040298AD5I210985,2018-09-23 00:28:33,-1.0,0.1,15.02,14.6
Flower power 0F48,PI040298AD5I210985,2018-09-23 00:43:33,-1.0,0.1,15.42,14.33
Flower power 0F48,PI040298AD5I210985,2018-09-23 00:58:33,-1.0,0.1,15.42,14.11
Flower power 0F48,PI040298AD5I210985,2018-09-23 01:13:33,-1.0,0.1,15.42,14.0
Flower power 0F48,PI040298AD5I210985,2018-09-23 01:28:33,-1.0,0.1,15.29,14.0
Flower power 0F48,PI040298AD5I210985,2018-09-23 01:43:33,-1.0,0.1,15.69,14.16
Flower power 0F48,PI040298AD5I210985,2018-09-23 01:58:33,-1.0,0.1,15.15,14.11
Flower power 0F48,PI040298AD5I210985,2018-09-23 02:13:33,-1.0,0.1,15.02,14.11
Flower power 0F48,PI040298AD5I210985,2018-09-23 02:28:33,-1.0,0.1,15.55,13.89
Flower power 0F48,PI040298AD5I210985,2018-09-23 02:43:33,-1.0,0.1,15.15,13.73
Flower power 0F48,PI040298AD5I210985,2018-09-23 02:58:33,-1.0,0.1,15.42,13.95
Flower power 0F48,PI040298AD5I210985,2018-09-23 03:13:33,-1.0,0.1,15.69,14.33
Flower power 0F48,PI040298AD5I210985,2018-09-23 03:28:33,-1.0,0.1,15.02,13.95
Flower power 0F48,PI040298AD5I210985,2018-09-23 03:43:33,-1.0,0.1,15.42,13.73
Flower power 0F48,PI040298AD5I210985,2018-09-23 03:58:33,-1.0,0.1,15.42,13.62
Flower power 0F48,PI040298AD5I210985,2018-09-23 04:13:33,-1.0,0.1,15.02,13.45
Flower power 0F48,PI040298AD5I210985,2018-09-23 04:28:33,-1.0,0.1,15.15,13.67
Flower power 0F48,PI040298AD5I210985,2018-09-23 04:43:33,-1.0,0.1,15.15,13.51
Flower power 0F48,PI040298AD5I210985,2018-09-23 04:58:33,-1.0,0.1,15.29,13.56
Flower power 0F48,PI040298AD5I210985,2018-09-23 05:13:33,-1.0,0.1,15.15,13.12
Flower power 0F48,PI040298AD5I210985,2018-09-23 05:28:33,-1.0,0.1,15.42,13.23
Flower power 0F48,PI040298AD5I210985,2018-09-23 05:43:33,-1.0,0.1,15.29,12.9
Flower power 0F48,PI040298AD5I210985,2018-09-23 05:58:33,-1.0,0.1,15.02,13.17
Flower power 0F48,PI040298AD5I210985,2018-09-23 06:13:33,-1.0,0.13,15.42,12.84
Flower power 0F48,PI040298AD5I210985,2018-09-23 06:28:33,-1.0,0.96,14.89,12.84
Flower power 0F48,PI040298AD5I210985,2018-09-23 06:43:33,-1.0,2.59,15.02,13.51
Flower power 0F48,PI040298AD5I210985,2018-09-23 06:58:33,-1.0,4.32,15.02,14.7
Flower power 0F48,PI040298AD5I210985,2018-09-23 07:13:33,-1.0,5.97,15.15,16.08
Flower power 0F48,PI040298AD5I210985,2018-09-23 07:28:33,-1.0,7.67,15.15,18.44
Flower power 0F48,PI040298AD5I210985,2018-09-23 07:43:33,-1.0,9.55,15.15,20.4
Flower power 0F48,PI040298AD5I210985,2018-09-23 07:58:33,-1.0,15.47,15.29,22.77
Flower power 0F48,PI040298AD5I210985,2018-09-23 08:13:33,-1.0,34.12,15.15,25.92
Flower power 0F48,PI040298AD5I210985,2018-09-23 08:28:33,-1.0,56.57,14.62,30.41
Flower power 0F48,PI040298AD5I210985,2018-09-23 08:43:33,-1.0,64.7,14.76,34.91
Flower power 0F48,PI040298AD5I210985,2018-09-23 08:58:33,-1.0,68.25,14.62,39.46
Flower power 0F48,PI040298AD5I210985,2018-09-23 09:13:33,-1.0,73.25,14.76,43.64
Flower power 0F48,PI040298AD5I210985,2018-09-23 09:28:33,-1.0,78.4,14.89,46.8
Flower power 0F48,PI040298AD5I210985,2018-09-23 09:43:33,-1.0,84.31,14.62,48.2
Flower power 0F48,PI040298AD5I210985,2018-09-23 09:58:33,-1.0,91.14,14.76,49.82
Flower power 0F48,PI040298AD5I210985,2018-09-23 10:13:33,-1.0,97.25,14.76,52.67
Flower power 0F48,PI040298AD5I210985,2018-09-23 10:28:33,-1.0,93.67,14.76,54.14
Flower power 0F48,PI040298AD5I210985,2018-09-23 10:43:33,-1.0,107.49,14.62,55.0
Flower power 0F48,PI040298AD5I210985,2018-09-23 10:58:33,-1.0,108.63,14.22,55.0
Flower power 0F48,PI040298AD5I210985,2018-09-23 11:13:33,-1.0,104.21,14.62,55.0
Flower power 0F48,PI040298AD5I210985,2018-09-23 11:28:33,-1.0,114.71,14.62,55.0
Flower power 0F48,PI040298AD5I210985,2018-09-23 11:43:33,-1.0,114.71,14.36,55.0
Flower power 0F48,PI040298AD5I210985,2018-09-23 11:58:33,-1.0,114.71,14.49,55.0
Flower power 0F48,PI040298AD5I210985,2018-09-23 12:13:33,-1.0,112.2,14.49,55.0
Flower power 0F48,PI040298AD5I210985,2018-09-23 12:28:33,-1.0,109.8,14.09,55.0
Flower power 0F48,PI040298AD5I210985,2018-09-23 12:43:33,-1.0,107.49,14.36,55.0
Flower power 0F48,PI040298AD5I210985,2018-09-23 12:58:33,-1.0,105.28,14.62,55.0
Flower power 0F48,PI040298AD5I210985,2018-09-23 13:13:33,-1.0,103.16,14.36,55.0
Flower power 0F48,PI040298AD5I210985,2018-09-23 13:28:33,-1.0,100.12,14.36,54.85
Flower power 0F48,PI040298AD5I210985,2018-09-23 13:43:33,-1.0,98.19,13.95,54.26
Flower power 0F48,PI040298AD5I210985,2018-09-23 13:58:33,-1.0,93.67,13.95,52.93
Flower power 0F48,PI040298AD5I210985,2018-09-23 14:13:33,-1.0,82.92,14.36,52.11
Flower power 0F48,PI040298AD5I210985,2018-09-23 14:28:33,-1.0,66.43,14.36,49.7
Flower power 0F48,PI040298AD5I210985,2018-09-23 14:43:33,-1.0,12.96,13.95,40.09
Flower power 0F48,PI040298AD5I210985,2018-09-23 14:58:33,-1.0,13.37,14.36,34.59
Flower power 0F48,PI040298AD5I210985,2018-09-23 15:13:33,-1.0,15.82,14.36,32.89
Flower power 0F48,PI040298AD5I210985,2018-09-23 15:28:33,-1.0,13.04,13.95,31.03
Flower power 0F48,PI040298AD5I210985,2018-09-23 15:43:33,-1.0,10.95,14.36,30.41
Flower power 0F48,PI040298AD5I210985,2018-09-23 15:58:33,-1.0,10.45,14.09,30.1
Flower power 0F48,PI040298AD5I210985,2018-09-23 16:13:33,-1.0,10.92,14.22,30.14
Flower power 0F48,PI040298AD5I210985,2018-09-23 16:28:33,-1.0,9.21,13.82,29.75
Flower power 0F48,PI040298AD5I210985,2018-09-23 16:43:33,-1.0,8.62,13.82,29.44
Flower power 0F48,PI040298AD5I210985,2018-09-23 16:58:33,-1.0,7.89,14.09,28.64
Flower power 0F48,PI040298AD5I210985,2018-09-23 17:13:33,-1.0,7.14,13.95,28.07
Flower power 0F48,PI040298AD5I210985,2018-09-23 17:28:33,-1.0,6.19,13.69,27.93
Flower power 0F48,PI040298AD5I210985,2018-09-23 17:43:33,-1.0,5.11,14.22,26.37
Flower power 0F48,PI040298AD5I210985,2018-09-23 17:58:33,-1.0,3.71,14.09,25.34
Flower power 0F48,PI040298AD5I210985,2018-09-23 18:13:33,-1.0,2.08,13.82,23.6
Flower power 0F48,PI040298AD5I210985,2018-09-23 18:28:33,-1.0,0.64,13.95,21.41
Flower power 0F48,PI040298AD5I210985,2018-09-23 18:43:33,-1.0,0.1,13.95,20.21
Flower power 0F48,PI040298AD5I210985,2018-09-23 18:58:33,-1.0,0.1,13.95,19.57
Flower power 0F48,PI040298AD5I210985,2018-09-23 19:13:33,-1.0,0.1,13.95,19.23
Flower power 0F48,PI040298AD5I210985,2018-09-23 19:28:33,-1.0,0.1,13.69,20.11
Flower power 0F48,PI040298AD5I210985,2018-09-23 19:43:33,-1.0,0.1,13.82,19.96
Flower power 0F48,PI040298AD5I210985,2018-09-23 19:58:33,-1.0,0.1,14.09,20.21
Flower power 0F48,PI040298AD5I210985,2018-09-23 20:13:33,-1.0,0.1,13.95,20.21
Flower power 0F48,PI040298AD5I210985,2018-09-23 20:28:33,-1.0,0.1,13.69,19.92
Flower power 0F48,PI040298AD5I210985,2018-09-23 20:43:33,-1.0,0.1,13.82,19.96
Flower power 0F48,PI040298AD5I210985,2018-09-23 20:58:33,-1.0,0.1,14.09,19.92
Flower power 0F48,PI040298AD5I210985,2018-09-23 21:13:33,-1.0,0.1,13.82,20.01
Flower power 0F48,PI040298AD5I210985,2018-09-23 21:28:33,-1.0,0.1,13.69,19.57
Flower power 0F48,PI040298AD5I210985,2018-09-23 21:43:33,-1.0,0.1,13.69,19.28
Flower power 0F48,PI040298AD5I210985,2018-09-23 21:58:33,-1.0,0.1,13.82,18.29
Flower power 0F48,PI040298AD5I210985,2018-09-23 22:13:33,-1.0,0.1,13.69,17.73
Flower power 0F48,PI040298AD5I210985,2018-09-23 22:28:33,-1.0,0.1,13.82,17.22
Flower power 0F48,PI040298AD5I210985,2018-09-23 22:43:33,-1.0,0.1,13.42,16.66
Flower power 0F48,PI040298AD5I210985,2018-09-23 22:58:33,-1.0,0.1,14.09,16.45
Flower power 0F48,PI040298AD5I210985,2018-09-23 23:13:33,-1.0,0.1,13.95,16.4
Flower power 0F48,PI040298AD5I210985,2018-09-23 23:28:33,-1.0,0.1,13.95,16.4
Flower power 0F48,PI040298AD5I210985,2018-09-23 23:43:33,-1.0,0.1,14.09,16.4
Flower power 0F48,PI040298AD5I210985,2018-09-23 23:58:33,-1.0,0.1,13.95,16.08
Flower power 0F48,PI040298AD5I210985,2018-09-24 00:13:33,-1.0,0.1,13.69,15.98
Flower power 0F48,PI040298AD5I210985,2018-09-24 00:28:33,-1.0,0.1,13.82,15.87
Flower power 0F48,PI040298AD5I210985,2018-09-24 00:43:33,-1.0,0.1,13.69,15.87
Flower power 0F48,PI040298AD5I210985,2018-09-24 00:58:33,-1.0,0.1,13.55,15.72
Flower power 0F48,PI040298AD5I210985,2018-09-24 01:13:33,-1.0,0.1,13.55,15.4
Flower power 0F48,PI040298AD5I210985,2018-09-24 01:28:33,-1.0,0.1,13.82,15.24
Flower power 0F48,PI040298AD5I210985,2018-09-24 01:43:33,-1.0,0.1,13.82,15.13
Flower power 0F48,PI040298AD5I210985,2018-09-24 01:58:33,-1.0,0.1,13.82,15.03
Flower power 0F48,PI040298AD5I210985,2018-09-24 02:13:33,-1.0,0.1,13.69,15.08
Flower power 0F48,PI040298AD5I210985,2018-09-24 02:28:33,-1.0,0.1,13.82,15.19
Flower power 0F48,PI040298AD5I210985,2018-09-24 02:43:33,-1.0,0.1,13.42,15.4
Flower power 0F48,PI040298AD5I210985,2018-09-24 02:58:33,-1.0,0.1,13.95,15.19
Flower power 0F48,PI040298AD5I210985,2018-09-24 03:13:33,-1.0,0.1,13.82,14.92
Flower power 0F48,PI040298AD5I210985,2018-09-24 03:28:33,-1.0,0.1,13.69,15.03
Flower power 0F48,PI040298AD5I210985,2018-09-24 03:43:33,-1.0,0.1,13.82,15.19
Flower power 0F48,PI040298AD5I210985,2018-09-24 03:58:33,-1.0,0.1,13.55,14.92
Flower power 0F48,PI040298AD5I210985,2018-09-24 04:13:33,-1.0,0.1,13.42,14.7
Flower power 0F48,PI040298AD5I210985,2018-09-24 04:28:33,-1.0,0.1,13.95,14.49
Flower power 0F48,PI040298AD5I210985,2018-09-24 04:43:33,-1.0,0.1,13.82,14.33
Flower power 0F48,PI040298AD5I210985,2018-09-24 04:58:33,-1.0,0.1,13.55,14.38
Flower power 0F48,PI040298AD5I210985,2018-09-24 05:13:33,-1.0,0.1,13.29,14.38
Flower power 0F48,PI040298AD5I210985,2018-09-24 05:28:33,-1.0,0.1,13.69,14.49
Flower power 0F48,PI040298AD5I210985,2018-09-24 05:43:33,-1.0,0.1,13.42,14.43
Flower power 0F48,PI040298AD5I210985,2018-09-24 05:58:33,-1.0,0.1,13.42,14.43
Flower power 0F48,PI040298AD5I210985,2018-09-24 06:13:33,-1.0,0.12,13.69,14.38
Flower power 0F48,PI040298AD5I210985,2018-09-24 06:28:33,-1.0,0.93,13.55,14.49
Flower power 0F48,PI040298AD5I210985,2018-09-24 06:43:33,-1.0,2.72,13.55,15.61
Flower power 0F48,PI040298AD5I210985,2018-09-24 06:58:33,-1.0,4.83,13.42,16.71
Flower power 0F48,PI040298AD5I210985,2018-09-24 07:13:33,-1.0,6.87,13.69,17.83
Flower power 0F48,PI040298AD5I210985,2018-09-24 07:28:33,-1.0,8.71,13.42,19.87
Flower power 0F48,PI040298AD5I210985,2018-09-24 07:43:33,-1.0,10.78,13.42,21.83
Flower power 0F48,PI040298AD5I210985,2018-09-24 07:58:33,-1.0,25.51,13.42,24.16
Flower power 0F48,PI040298AD5I210985,2018-09-24 08:13:33,-1.0,28.77,13.15,27.4
Flower power 0F48,PI040298AD5I210985,2018-09-24 08:28:33,-1.0,38.8,13.29,31.47
Flower power 0F48,PI040298AD5I210985,2018-09-24 08:43:33,-1.0,52.92,13.29,36.04
Flower power 0F48,PI040298AD5I210985,2018-09-24 08:58:33,-1.0,67.33,13.55,40.33
Flower power 0F48,PI040298AD5I210985,2018-09-24 09:13:33,-1.0,72.19,13.42,43.13
Flower power 0F48,PI040298AD5I210985,2018-09-24 09:27:18,-1.0,76.61,13.02,46.09
Flower power 0F48,PI040298AD5I210985,2018-09-24 09:42:18,-1.0,82.92,13.42,48.43
Flower power 0F48,PI040298AD5I210985,2018-09-24 09:57:18,-1.0,89.53,13.02,51.56
Flower power 0F48,PI040298AD5I210985,2018-09-24 10:12:18,-1.0,95.43,13.29,53.56
Flower power 0F48,PI040298AD5I210985,2018-09-24 10:27:18,-1.0,100.12,13.29,54.39
Flower power 0F48,PI040298AD5I210985,2018-09-24 10:42:18,-1.0,104.21,13.02,55.0
Flower power 0F48,PI040298AD5I210985,2018-09-24 10:57:18,-1.0,104.21,13.15,55.0
Flower power 0F48,PI040298AD5I210985,2018-09-24 11:12:18,-1.0,101.11,13.29,55.0
Flower power 0F48,PI040298AD5I210985,2018-09-24 11:27:18,-1.0,113.44,13.29,55.0
Flower power 0F48,PI040298AD5I210985,2018-09-24 11:42:18,-1.0,116.0,13.02,55.0
Flower power 0F48,PI040298AD5I210985,2018-09-24 11:57:18,-1.0,117.33,13.02,55.0
Flower power 0F48,PI040298AD5I210985,2018-09-24 12:12:18,-1.0,117.33,13.15,55.0
Flower power 0F48,PI040298AD5I210985,2018-09-24 12:27:18,-1.0,117.33,13.02,55.0
Flower power 0F48,PI040298AD5I210985,2018-09-24 12:42:18,-1.0,117.33,13.02,55.0
Flower power 0F48,PI040298AD5I210985,2018-09-24 12:57:18,-1.0,117.33,13.15,55.0
Flower power 0F48,PI040298AD5I210985,2018-09-24 13:12:18,-1.0,116.0,13.15,55.0
Flower power 0F48,PI040298AD5I210985,2018-09-24 13:27:18,-1.0,113.44,13.29,55.0
Flower power 0F48,PI040298AD5I210985,2018-09-24 13:42:18,-1.0,112.2,12.88,54.59
Flower power 0F48,PI040298AD5I210985,2018-09-24 13:57:18,-1.0,107.49,13.29,52.99
Flower power 0F48,PI040298AD5I210985,2018-09-24 14:12:18,-1.0,94.54,12.75,50.53
Flower power 0F48,PI040298AD5I210985,2018-09-24 14:27:18,-1.0,79.02,13.29,48.83
Flower power 0F48,PI040298AD5I210985,2018-09-24 14:42:18,-1.0,20.26,12.88,43.33
Flower power 0F48,PI040298AD5I210985,2018-09-24 14:57:18,-1.0,15.79,12.75,35.09
Flower power 0F48,PI040298AD5I210985,2018-09-24 15:12:18,-1.0,18.49,13.29,32.36
Flower power 0F48,PI040298AD5I210985,2018-09-24 15:27:18,-1.0,12.64,12.88,30.59
Flower power 0F48,PI040298AD5I210985,2018-09-24 15:42:18,-1.0,11.91,13.15,29.88
Flower power 0F48,PI040298AD5I210985,2018-09-24 15:57:18,-1.0,11.13,13.02,29.7
Flower power 0F48,PI040298AD5I210985,2018-09-24 16:12:18,-1.0,15.47,13.15,30.06
Flower power 0F48,PI040298AD5I210985,2018-09-24 16:27:18,-1.0,9.6,13.29,29.22
Flower power 0F48,PI040298AD5I210985,2018-09-24 16:42:18,-1.0,8.95,12.88,28.42
Flower power 0F48,PI040298AD5I210985,2018-09-24 16:57:18,-1.0,8.31,13.15,27.84
Flower power 0F48,PI040298AD5I210985,2018-09-24 17:12:18,-1.0,7.57,12.62,27.31
Flower power 0F48,PI040298AD5I210985,2018-09-24 17:27:18,-1.0,6.53,12.88,26.91
Flower power 0F48,PI040298AD5I210985,2018-09-24 17:42:18,-1.0,5.3,12.75,26.15
Flower power 0F48,PI040298AD5I210985,2018-09-24 17:57:18,-1.0,3.72,12.88,25.11
Flower power 0F48,PI040298AD5I210985,2018-09-24 18:12:18,-1.0,1.94,13.15,24.25
Flower power 0F48,PI040298AD5I210985,2018-09-24 18:27:18,-1.0,0.55,12.88,22.44
Flower power 0F48,PI040298AD5I210985,2018-09-24 18:42:18,-1.0,0.1,12.88,20.5
Flower power 0F48,PI040298AD5I210985,2018-09-24 18:57:18,-1.0,0.1,12.62,19.48
Flower power 0F48,PI040298AD5I210985,2018-09-24 19:12:18,-1.0,0.1,13.15,19.23
Flower power 0F48,PI040298AD5I210985,2018-09-24 19:27:18,-1.0,0.1,13.02,18.78
Flower power 0F48,PI040298AD5I210985,2018-09-24 19:42:18,-1.0,0.1,12.75,18.34
Flower power 0F48,PI040298AD5I210985,2018-09-24 19:57:18,-1.0,0.1,13.15,18.03
Flower power 0F48,PI040298AD5I210985,2018-09-24 20:12:18,-1.0,0.1,12.88,18.13
Flower power 0F48,PI040298AD5I210985,2018-09-24 20:27:18,-1.0,0.1,12.75,17.73
Flower power 0F48,PI040298AD5I210985,2018-09-24 20:42:18,-1.0,0.1,13.02,17.73
Flower power 0F48,PI040298AD5I210985,2018-09-24 20:57:18,-1.0,0.1,13.02,17.73
Flower power 0F48,PI040298AD5I210985,2018-09-24 21:12:18,-1.0,0.1,12.88,17.43
Flower power 0F48,PI040298AD5I210985,2018-09-24 21:27:18,-1.0,0.1,13.02,17.12
Flower power 0F48,PI040298AD5I210985,2018-09-24 21:42:18,-1.0,0.1,12.62,16.97
Flower power 0F48,PI040298AD5I210985,2018-09-24 21:57:18,-1.0,0.1,12.88,17.02
Flower power 0F48,PI040298AD5I210985,2018-09-24 22:12:18,-1.0,0.1,12.75,17.48
Flower power 0F48,PI040298AD5I210985,2018-09-24 22:27:18,-1.0,0.1,12.62,17.12
Flower power 0F48,PI040298AD5I210985,2018-09-24 22:42:18,-1.0,0.1,13.02,16.97
Flower power 0F48,PI040298AD5I210985,2018-09-24 22:57:18,-1.0,0.1,12.75,16.55
Flower power 0F48,PI040298AD5I210985,2018-09-24 23:12:18,-1.0,0.1,12.62,16.5
Flower power 0F48,PI040298AD5I210985,2018-09-24 23:27:18,-1.0,0.1,12.75,16.29
Flower power 0F48,PI040298AD5I210985,2018-09-24 23:42:18,-1.0,0.1,12.75,16.34
Flower power 0F48,PI040298AD5I210985,2018-09-24 23:57:18,-1.0,0.1,12.62,15.87
Flower power 0F48,PI040298AD5I210985,2018-09-25 00:12:18,-1.0,0.1,12.35,15.5
Flower power 0F48,PI040298AD5I210985,2018-09-25 00:27:18,-1.0,0.1,12.48,15.35
Flower power 0F48,PI040298AD5I210985,2018-09-25 00:42:18,-1.0,0.1,13.02,15.08
Flower power 0F48,PI040298AD5I210985,2018-09-25 00:57:18,-1.0,0.1,12.62,15.13
Flower power 0F48,PI040298AD5I210985,2018-09-25 01:12:18,-1.0,0.1,12.75,15.19
Flower power 0F48,PI040298AD5I210985,2018-09-25 01:27:18,-1.0,0.1,12.75,14.97
Flower power 0F48,PI040298AD5I210985,2018-09-25 01:42:18,-1.0,0.1,12.48,14.92
Flower power 0F48,PI040298AD5I210985,2018-09-25 01:57:18,-1.0,0.1,12.48,14.87
Flower power 0F48,PI040298AD5I210985,2018-09-25 02:12:18,-1.0,0.1,12.35,14.92
Flower power 0F48,PI040298AD5I210985,2018-09-25 02:27:18,-1.0,0.1,12.75,14.65
Flower power 0F48,PI040298AD5I210985,2018-09-25 02:42:18,-1.0,0.1,12.62,14.33
Flower power 0F48,PI040298AD5I210985,2018-09-25 02:57:18,-1.0,0.1,12.48,14.11
Flower power 0F48,PI040298AD5I210985,2018-09-25 03:12:18,-1.0,0.1,12.48,14.16
Flower power 0F48,PI040298AD5I210985,2018-09-25 03:27:18,-1.0,0.1,12.48,13.95
Flower power 0F48,PI040298AD5I210985,2018-09-25 03:42:18,-1.0,0.1,12.62,13.95
Flower power 0F48,PI040298AD5I210985,2018-09-25 03:57:18,-1.0,0.1,12.75,13.78
Flower power 0F48,PI040298AD5I210985,2018-09-25 04:12:18,-1.0,0.1,12.21,13.56
Flower power 0F48,PI040298AD5I210985,2018-09-25 04:27:18,-1.0,0.1,12.75,13.34
Flower power 0F48,PI040298AD5I210985,2018-09-25 04:42:18,-1.0,0.1,12.75,13.34
Flower power 0F48,PI040298AD5I210985,2018-09-25 04:57:18,-1.0,0.1,12.21,13.34
Flower power 0F48,PI040298AD5I210985,2018-09-25 05:12:18,-1.0,0.1,12.88,13.4
Flower power 0F48,PI040298AD5I210985,2018-09-25 05:27:18,-1.0,0.1,12.88,13.45
Flower power 0F48,PI040298AD5I210985,2018-09-25 05:42:18,-1.0,0.1,12.35,13.89
Flower power 0F48,PI040298AD5I210985,2018-09-25 05:57:18,-1.0,0.1,12.48,14.27
Flower power 0F48,PI040298AD5I210985,2018-09-25 06:12:18,-1.0,0.1,12.75,14.11
Flower power 0F48,PI040298AD5I210985,2018-09-25 06:27:18,-1.0,0.88,12.35,14.16
Flower power 0F48,PI040298AD5I210985,2018-09-25 06:42:18,-1.0,2.53,12.35,14.76
Flower power 0F48,PI040298AD5I210985,2018-09-25 06:57:18,-1.0,4.34,12.48,15.66
Flower power 0F48,PI040298AD5I210985,2018-09-25 07:12:18,-1.0,6.14,12.62,17.43
Flower power 0F48,PI040298AD5I210985,2018-09-25 07:27:18,-1.0,7.5,12.88,19.33
Flower power 0F48,PI040298AD5I210985,2018-09-25 07:42:18,-1.0,9.02,12.48,21.69
Flower power 0F48,PI040298AD5I210985,2018-09-25 07:57:18,-1.0,22.84,12.62,24.2
Flower power 0F48,PI040298AD5I210985,2018-09-25 08:12:18,-1.0,34.49,12.48,28.07
Flower power 0F48,PI040298AD5I210985,2018-09-25 08:27:18,-1.0,42.18,12.48,31.73
Flower power 0F48,PI040298AD5I210985,2018-09-25 08:42:18,-1.0,65.55,12.35,35.91
Flower power 0F48,PI040298AD5I210985,2018-09-25 08:57:18,-1.0,69.68,12.08,40.18
Flower power 0F48,PI040298AD5I210985,2018-09-25 09:12:18,-1.0,73.79,11.94,42.72
Flower power 0F48,PI040298AD5I210985,2018-09-25 09:27:18,-1.0,78.4,12.62,46.03
Flower power 0F48,PI040298AD5I210985,2018-09-25 09:42:18,-1.0,83.61,12.21,47.24
Flower power 0F48,PI040298AD5I210985,2018-09-25 09:57:18,-1.0,91.97,12.35,48.6
Flower power 0F48,PI040298AD5I210985,2018-09-25 10:12:18,-1.0,98.19,12.35,49.35
Flower power 0F48,PI040298AD5I210985,2018-09-25 10:27:18,-1.0,104.21,12.35,49.94
Flower power 0F48,PI040298AD5I210985,2018-09-25 10:42:18,-1.0,108.63,12.62,51.93
Flower power 0F48,PI040298AD5I210985,2018-09-25 10:57:18,-1.0,103.16,12.48,52.93
Flower power 0F48,PI040298AD5I210985,2018-09-25 11:12:18,-1.0,100.12,12.62,51.93
Flower power 0F48,PI040298AD5I210985,2018-09-25 11:27:18,-1.0,117.33,12.35,53.18
Flower power 0F48,PI040298AD5I210985,2018-09-25 11:42:18,-1.0,118.68,12.08,54.01
Flower power 0F48,PI040298AD5I210985,2018-09-25 11:57:18,-1.0,120.06,12.62,53.43
Flower power 0F48,PI040298AD5I210985,2018-09-25 12:12:18,-1.0,121.48,12.21,52.99
Flower power 0F48,PI040298AD5I210985,2018-09-25 12:27:18,-1.0,120.06,12.35,52.93
Flower power 0F48,PI040298AD5I210985,2018-09-25 12:42:18,-1.0,120.06,12.21,51.5
Flower power 0F48,PI040298AD5I210985,2018-09-25 12:57:18,-1.0,120.06,12.08,52.05
Flower power 0F48,PI040298AD5I210985,2018-09-25 13:12:18,-1.0,118.68,12.08,51.08
Flower power 0F48,PI040298AD5I210985,2018-09-25 13:27:18,-1.0,117.33,12.08,49.47
Flower power 0F48,PI040298AD5I210985,2018-09-25 13:42:18,-1.0,114.71,12.35,49.35
Flower power 0F48,PI040298AD5I210985,2018-09-25 13:57:18,-1.0,109.8,12.48,47.19
Flower power 0F48,PI040298AD5I210985,2018-09-25 14:12:18,-1.0,101.11,11.94,46.58
Flower power 0F48,PI040298AD5I210985,2018-09-25 14:27:18,-1.0,85.02,12.21,43.9
Flower power 0F48,PI040298AD5I210985,2018-09-25 14:42:18,-1.0,64.7,12.21,39.94
Flower power 0F48,PI040298AD5I210985,2018-09-25 14:57:18,-1.0,16.39,12.35,31.6
Flower power 0F48,PI040298AD5I210985,2018-09-25 15:12:18,-1.0,11.8,12.35,29.04
Flower power 0F48,PI040298AD5I210985,2018-09-25 15:27:18,-1.0,11.48,12.35,27.53
Flower power 0F48,PI040298AD5I210985,2018-09-25 15:42:18,-1.0,9.94,12.62,26.86
Flower power 0F48,PI040298AD5I210985,2018-09-25 15:57:18,-1.0,10.16,12.62,26.28
Flower power 0F48,PI040298AD5I210985,2018-09-25 16:12:18,-1.0,16.04,11.94,26.24
Flower power 0F48,PI040298AD5I210985,2018-09-25 16:27:18,-1.0,8.48,12.35,25.74
Flower power 0F48,PI040298AD5I210985,2018-09-25 16:42:18,-1.0,8.06,12.35,25.38
Flower power 0F48,PI040298AD5I210985,2018-09-25 16:57:18,-1.0,7.56,12.35,25.07
Flower power 0F48,PI040298AD5I210985,2018-09-25 17:12:18,-1.0,6.96,12.08,24.75
Flower power 0F48,PI040298AD5I210985,2018-09-25 17:27:18,-1.0,6.06,11.94,24.38
Flower power 0F48,PI040298AD5I210985,2018-09-25 17:42:18,-1.0,4.93,12.08,23.93
Flower power 0F48,PI040298AD5I210985,2018-09-25 17:57:18,-1.0,3.53,12.08,23.56
Flower power 0F48,PI040298AD5I210985,2018-09-25 18:12:18,-1.0,1.85,12.35,22.91
Flower power 0F48,PI040298AD5I210985,2018-09-25 18:27:18,-1.0,0.47,12.48,21.83
Flower power 0F48,PI040298AD5I210985,2018-09-25 18:42:18,-1.0,0.1,12.35,20.55
Flower power 0F48,PI040298AD5I210985,2018-09-25 18:57:18,-1.0,0.1,12.21,19.03
Flower power 0F48,PI040298AD5I210985,2018-09-25 19:12:18,-1.0,0.1,12.35,18.24
Flower power 0F48,PI040298AD5I210985,2018-09-25 19:27:18,-1.0,0.1,12.21,18.49
Flower power 0F48,PI040298AD5I210985,2018-09-25 19:42:18,-1.0,0.1,11.81,17.53
Flower power 0F48,PI040298AD5I210985,2018-09-25 19:57:18,-1.0,0.1,11.81,17.53
Flower power 0F48,PI040298AD5I210985,2018-09-25 20:12:18,-1.0,0.1,12.35,17.38
Flower power 0F48,PI040298AD5I210985,2018-09-25 20:27:18,-1.0,0.1,11.81,17.07
Flower power 0F48,PI040298AD5I210985,2018-09-25 20:42:18,-1.0,0.1,12.08,16.86
Flower power 0F48,PI040298AD5I210985,2018-09-25 20:57:18,-1.0,0.1,11.94,16.55
Flower power 0F48,PI040298AD5I210985,2018-09-25 21:12:18,-1.0,0.1,11.94,16.86
Flower power 0F48,PI040298AD5I210985,2018-09-25 21:27:18,-1.0,0.1,12.21,17.32
Flower power 0F48,PI040298AD5I210985,2018-09-25 21:42:18,-1.0,0.1,12.35,17.88
Flower power 0F48,PI040298AD5I210985,2018-09-25 21:57:18,-1.0,0.1,12.08,17.43
Flower power 0F48,PI040298AD5I210985,2018-09-25 22:12:18,-1.0,0.1,12.35,17.83
Flower power 0F48,PI040298AD5I210985,2018-09-25 22:27:18,-1.0,0.1,12.08,17.27
Flower power 0F48,PI040298AD5I210985,2018-09-25 22:42:18,-1.0,0.1,12.08,16.76
Flower power 0F48,PI040298AD5I210985,2018-09-25 22:57:18,-1.0,0.1,12.08,16.86
Flower power 0F48,PI040298AD5I210985,2018-09-25 23:12:18,-1.0,0.1,11.81,16.86
Flower power 0F48,PI040298AD5I210985,2018-09-25 23:27:18,-1.0,0.1,11.94,16.4
Flower power 0F48,PI040298AD5I210985,2018-09-25 23:42:18,-1.0,0.1,12.21,16.66
Flower power 0F48,PI040298AD5I210985,2018-09-25 23:57:18,-1.0,0.1,12.08,16.81
Flower power 0F48,PI040298AD5I210985,2018-09-26 00:12:18,-1.0,0.1,11.94,16.6
Flower power 0F48,PI040298AD5I210985,2018-09-26 00:27:18,-1.0,0.1,11.94,16.91
Flower power 0F48,PI040298AD5I210985,2018-09-26 00:42:18,-1.0,0.1,11.81,17.02
Flower power 0F48,PI040298AD5I210985,2018-09-26 00:57:18,-1.0,0.1,12.21,16.45
Flower power 0F48,PI040298AD5I210985,2018-09-26 01:12:18,-1.0,0.1,11.94,16.71
Flower power 0F48,PI040298AD5I210985,2018-09-26 01:27:18,-1.0,0.1,11.81,16.6
Flower power 0F48,PI040298AD5I210985,2018-09-26 01:42:18,-1.0,0.1,11.81,16.03
Flower power 0F48,PI040298AD5I210985,2018-09-26 01:57:18,-1.0,0.1,12.08,16.14
Flower power 0F48,PI040298AD5I210985,2018-09-26 02:12:18,-1.0,0.1,11.94,16.71
Flower power 0F48,PI040298AD5I210985,2018-09-26 02:27:18,-1.0,0.1,12.08,17.12
Flower power 0F48,PI040298AD5I210985,2018-09-26 02:42:18,-1.0,0.1,11.81,16.5
Flower power 0F48,PI040298AD5I210985,2018-09-26 02:57:18,-1.0,0.1,12.08,16.71
Flower power 0F48,PI040298AD5I210985,2018-09-26 03:12:18,-1.0,0.1,11.94,16.71
Flower power 0F48,PI040298AD5I210985,2018-09-26 03:27:18,-1.0,0.1,11.94,16.86
Flower power 0F48,PI040298AD5I210985,2018-09-26 03:42:18,-1.0,0.1,12.21,17.53
Flower power 0F48,PI040298AD5I210985,2018-09-26 03:57:18,-1.0,0.1,11.94,17.93
Flower power 0F48,PI040298AD5I210985,2018-09-26 04:12:18,-1.0,0.1,11.81,18.34
Flower power 0F48,PI040298AD5I210985,2018-09-26 04:27:18,-1.0,0.1,11.81,18.49
Flower power 0F48,PI040298AD5I210985,2018-09-26 04:42:18,-1.0,0.1,11.81,17.88
Flower power 0F48,PI040298AD5I210985,2018-09-26 04:57:18,-1.0,0.1,11.81,16.91
Flower power 0F48,PI040298AD5I210985,2018-09-26 05:12:18,-1.0,0.1,11.81,17.73
Flower power 0F48,PI040298AD5I210985,2018-09-26 05:27:18,-1.0,0.1,12.08,17.93
Flower power 0F48,PI040298AD5I210985,2018-09-26 05:42:18,-1.0,0.1,12.35,17.98
Flower power 0F48,PI040298AD5I210985,2018-09-26 05:57:18,-1.0,0.1,11.54,18.44
Flower power 0F48,PI040298AD5I210985,2018-09-26 06:12:18,-1.0,0.1,12.21,18.54
Flower power 0F48,PI040298AD5I210985,2018-09-26 06:27:18,-1.0,0.78,11.81,18.19
Flower power 0F48,PI040298AD5I210985,2018-09-26 06:42:18,-1.0,2.4,12.08,19.08
Flower power 0F48,PI040298AD5I210985,2018-09-26 06:57:18,-1.0,4.39,11.94,19.82
Flower power 0F48,PI040298AD5I210985,2018-09-26 07:12:18,-1.0,6.45,12.08,20.64
Flower power 0F48,PI040298AD5I210985,2018-09-26 07:27:18,-1.0,8.18,11.81,21.5
Flower power 0F48,PI040298AD5I210985,2018-09-26 07:42:18,-1.0,10.07,12.08,22.54
Flower power 0F48,PI040298AD5I210985,2018-09-26 07:57:18,-1.0,20.05,11.68,23.6
Flower power 0F48,PI040298AD5I210985,2018-09-26 08:12:18,-1.0,37.73,12.08,25.97
Flower power 0F48,PI040298AD5I210985,2018-09-26 08:27:18,-1.0,52.08,11.68,29.53
Flower power 0F48,PI040298AD5I210985,2018-09-26 08:42:18,-1.0,63.46,11.94,32.67
Flower power 0F48,PI040298AD5I210985,2018-09-26 08:57:18,-1.0,67.78,11.94,36.59
Flower power 0F48,PI040298AD5I210985,2018-09-26 09:12:18,-1.0,73.25,11.81,38.74
Flower power 0F48,PI040298AD5I210985,2018-09-26 09:27:18,-1.0,77.8,11.68,39.8
Flower power 0F48,PI040298AD5I210985,2018-09-26 09:42:18,-1.0,79.02,11.94,41.56
Flower power 0F48,PI040298AD5I210985,2018-09-26 09:57:18,-1.0,90.33,12.08,42.16
Flower power 0F48,PI040298AD5I210985,2018-09-26 10:12:18,-1.0,96.33,11.54,44.37
Flower power 0F48,PI040298AD5I210985,2018-09-26 10:27:18,-1.0,102.12,12.08,45.22
Flower power 0F48,PI040298AD5I210985,2018-09-26 10:42:18,-1.0,107.49,12.21,45.28
Flower power 0F48,PI040298AD5I210985,2018-09-26 10:57:18,-1.0,90.33,12.21,47.02
Flower power 0F48,PI040298AD5I210985,2018-09-26 11:12:18,-1.0,89.53,11.94,48.09
Flower power 0F48,PI040298AD5I210985,2018-09-26 11:27:18,-1.0,116.0,12.21,47.41
Flower power 0F48,PI040298AD5I210985,2018-09-26 11:42:18,-1.0,117.33,11.54,49.53
Flower power 0F48,PI040298AD5I210985,2018-09-26 11:57:18,-1.0,118.68,11.54,49.3
Flower power 0F48,PI040298AD5I210985,2018-09-26 12:12:18,-1.0,120.06,11.94,50.0
Flower power 0F48,PI040298AD5I210985,2018-09-26 12:27:18,-1.0,120.06,12.08,49.53
Flower power 0F48,PI040298AD5I210985,2018-09-26 12:42:18,-1.0,120.06,11.68,49.41
Flower power 0F48,PI040298AD5I210985,2018-09-26 12:57:18,-1.0,118.68,12.08,49.59
Flower power 0F48,PI040298AD5I210985,2018-09-26 13:12:18,-1.0,117.33,11.94,49.18
Flower power 0F48,PI040298AD5I210985,2018-09-26 13:27:18,-1.0,116.0,12.08,48.54
Flower power 0F48,PI040298AD5I210985,2018-09-26 13:42:18,-1.0,113.44,11.94,47.24
Flower power 0F48,PI040298AD5I210985,2018-09-26 13:57:18,-1.0,107.49,12.21,45.65
Flower power 0F48,PI040298AD5I210985,2018-09-26 14:12:18,-1.0,101.11,11.68,44.22
Flower power 0F48,PI040298AD5I210985,2018-09-26 14:27:18,-1.0,97.25,12.08,42.77
Flower power 0F48,PI040298AD5I210985,2018-09-26 14:42:18,-1.0,85.74,11.94,38.84
Flower power 0F48,PI040298AD5I210985,2018-09-26 14:57:18,-1.0,19.83,11.68,31.51
Flower power 0F48,PI040298AD5I210985,2018-09-26 15:12:18,-1.0,11.13,11.94,29.22
Flower power 0F48,PI040298AD5I210985,2018-09-26 15:27:18,-1.0,11.07,12.21,28.33
Flower power 0F48,PI040298AD5I210985,2018-09-26 15:42:18,-1.0,10.05,11.68,27.58
Flower power 0F48,PI040298AD5I210985,2018-09-26 15:57:18,-1.0,9.64,11.81,27.22
Flower power 0F48,PI040298AD5I210985,2018-09-26 16:12:18,-1.0,10.18,11.94,27.18
Flower power 0F48,PI040298AD5I210985,2018-09-26 16:27:18,-1.0,8.78,11.68,26.55
Flower power 0F48,PI040298AD5I210985,2018-09-26 16:42:18,-1.0,8.22,11.94,26.24
Flower power 0F48,PI040298AD5I210985,2018-09-26 16:57:18,-1.0,7.7,11.81,25.92
Flower power 0F48,PI040298AD5I210985,2018-09-26 17:12:18,-1.0,7.22,11.81,25.74
Flower power 0F48,PI040298AD5I210985,2018-09-26 17:27:18,-1.0,6.22,11.54,25.34
Flower power 0F48,PI040298AD5I210985,2018-09-26 17:42:18,-1.0,5.06,11.81,24.93
Flower power 0F48,PI040298AD5I210985,2018-09-26 17:57:18,-1.0,3.52,11.54,24.57
Flower power 0F48,PI040298AD5I210985,2018-09-26 18:12:18,-1.0,1.72,11.68,24.16
Flower power 0F48,PI040298AD5I210985,2018-09-26 18:27:18,-1.0,0.39,12.08,23.19
Flower power 0F48,PI040298AD5I210985,2018-09-26 18:42:18,-1.0,0.1,11.68,23.24
Flower power 0F48,PI040298AD5I210985,2018-09-26 18:57:18,-1.0,0.1,11.54,22.58
Flower power 0F48,PI040298AD5I210985,2018-09-26 19:12:18,-1.0,0.1,12.21,22.72
Flower power 0F48,PI040298AD5I210985,2018-09-26 19:27:18,-1.0,0.1,11.94,22.58
Flower power 0F48,PI040298AD5I210985,2018-09-26 19:42:18,-1.0,0.1,11.68,22.58
Flower power 0F48,PI040298AD5I210985,2018-09-26 19:57:18,-1.0,0.1,11.94,22.44
Flower power 0F48,PI040298AD5I210985,2018-09-26 20:12:18,-1.0,0.1,11.68,22.58
Flower power 0F48,PI040298AD5I210985,2018-09-26 20:27:18,-1.0,0.1,11.81,22.44
Flower power 0F48,PI040298AD5I210985,2018-09-26 20:42:18,-1.0,0.1,11.94,21.74
Flower power 0F48,PI040298AD5I210985,2018-09-26 20:57:18,-1.0,0.1,11.81,21.26
Flower power 0F48,PI040298AD5I210985,2018-09-26 21:12:18,-1.0,0.1,12.08,20.88
Flower power 0F48,PI040298AD5I210985,2018-09-26 21:27:18,-1.0,0.1,11.54,20.64
Flower power 0F48,PI040298AD5I210985,2018-09-26 21:42:18,-1.0,0.1,12.08,20.5
Flower power 0F48,PI040298AD5I210985,2018-09-26 21:57:18,-1.0,0.1,11.68,20.79
Flower power 0F48,PI040298AD5I210985,2018-09-26 22:12:18,-1.0,0.1,11.94,21.97
Flower power 0F48,PI040298AD5I210985,2018-09-26 22:27:18,-1.0,0.1,11.94,21.93
Flower power 0F48,PI040298AD5I210985,2018-09-26 22:42:18,-1.0,0.1,11.41,21.31
Flower power 0F48,PI040298AD5I210985,2018-09-26 22:57:18,-1.0,0.1,12.08,21.5
Flower power 0F48,PI040298AD5I210985,2018-09-26 23:12:18,-1.0,0.1,11.81,22.02
Flower power 0F48,PI040298AD5I210985,2018-09-26 23:27:18,-1.0,0.1,11.68,21.88
Flower power 0F48,PI040298AD5I210985,2018-09-26 23:42:18,-1.0,0.1,11.41,22.02
Flower power 0F48,PI040298AD5I210985,2018-09-26 23:57:18,-1.0,0.1,11.81,22.07
Flower power 0F48,PI040298AD5I210985,2018-09-27 00:12:18,-1.0,0.1,11.68,22.16
Flower power 0F48,PI040298AD5I210985,2018-09-27 00:27:18,-1.0,0.1,11.81,22.44
Flower power 0F48,PI040298AD5I210985,2018-09-27 00:42:18,-1.0,0.1,11.41,22.26
Flower power 0F48,PI040298AD5I210985,2018-09-27 00:57:18,-1.0,0.1,11.54,22.07
Flower power 0F48,PI040298AD5I210985,2018-09-27 01:12:18,-1.0,0.1,11.81,21.6
Flower power 0F48,PI040298AD5I210985,2018-09-27 01:27:18,-1.0,0.1,11.68,21.22
Flower power 0F48,PI040298AD5I210985,2018-09-27 01:42:18,-1.0,0.1,11.68,21.5
Flower power 0F48,PI040298AD5I210985,2018-09-27 01:57:18,-1.0,0.1,11.94,21.83
Flower power 0F48,PI040298AD5I210985,2018-09-27 02:12:18,-1.0,0.1,11.54,21.93
Flower power 0F48,PI040298AD5I210985,2018-09-27 02:27:18,-1.0,0.1,11.94,21.12
Flower power 0F48,PI040298AD5I210985,2018-09-27 02:42:18,-1.0,0.1,11.81,20.74
Flower power 0F48,PI040298AD5I210985,2018-09-27 02:57:18,-1.0,0.1,11.68,20.45
Flower power 0F48,PI040298AD5I210985,2018-09-27 03:12:18,-1.0,0.1,11.94,19.87
Flower power 0F48,PI040298AD5I210985,2018-09-27 03:27:18,-1.0,0.1,11.68,20.01
Flower power 0F48,PI040298AD5I210985,2018-09-27 03:42:18,-1.0,0.1,11.68,19.23
Flower power 0F48,PI040298AD5I210985,2018-09-27 03:57:18,-1.0,0.1,11.41,19.13
Flower power 0F48,PI040298AD5I210985,2018-09-27 04:12:18,-1.0,0.1,11.94,19.03
Flower power 0F48,PI040298AD5I210985,2018-09-27 04:27:18,-1.0,0.1,11.94,18.49
Flower power 0F48,PI040298AD5I210985,2018-09-27 04:42:18,-1.0,0.1,11.81,18.64
Flower power 0F48,PI040298AD5I210985,2018-09-27 04:57:18,-1.0,0.1,11.68,19.18
Flower power 0F48,PI040298AD5I210985,2018-09-27 05:12:18,-1.0,0.1,11.81,19.28
Flower power 0F48,PI040298AD5I210985,2018-09-27 05:27:18,-1.0,0.1,12.08,19.38
Flower power 0F48,PI040298AD5I210985,2018-09-27 05:42:18,-1.0,0.1,11.41,18.93
Flower power 0F48,PI040298AD5I210985,2018-09-27 05:57:18,-1.0,0.1,11.41,18.59
Flower power 0F48,PI040298AD5I210985,2018-09-27 06:12:18,-1.0,0.1,12.08,18.49
Flower power 0F48,PI040298AD5I210985,2018-09-27 06:27:18,-1.0,0.73,11.68,18.13
Flower power 0F48,PI040298AD5I210985,2018-09-27 06:42:18,-1.0,2.59,11.54,18.59
Flower power 0F48,PI040298AD5I210985,2018-09-27 06:57:18,-1.0,5.17,11.94,19.18
Flower power 0F48,PI040298AD5I210985,2018-09-27 07:12:18,-1.0,7.88,11.81,20.4
Flower power 0F48,PI040298AD5I210985,2018-09-27 07:27:18,-1.0,9.53,11.27,21.69
Flower power 0F48,PI040298AD5I210985,2018-09-27 07:42:18,-1.0,11.66,11.41,23.28
Flower power 0F48,PI040298AD5I210985,2018-09-27 07:57:18,-1.0,16.13,11.54,24.84
Flower power 0F48,PI040298AD5I210985,2018-09-27 08:12:18,-1.0,38.8,11.68,27.27
Flower power 0F48,PI040298AD5I210985,2018-09-27 08:27:18,-1.0,48.24,11.27,30.63
Flower power 0F48,PI040298AD5I210985,2018-09-27 08:42:18,-1.0,61.88,11.81,33.74
Flower power 0F48,PI040298AD5I210985,2018-09-27 08:57:18,-1.0,65.99,11.94,37.38
Flower power 0F48,PI040298AD5I210985,2018-09-27 09:12:18,-1.0,70.66,11.41,40.77
Flower power 0F48,PI040298AD5I210985,2018-09-27 09:27:18,-1.0,75.46,11.68,43.8
Flower power 0F48,PI040298AD5I210985,2018-09-27 09:42:18,-1.0,68.72,11.41,45.06
Flower power 0F48,PI040298AD5I210985,2018-09-27 09:57:18,-1.0,87.98,11.94,48.09
Flower power 0F48,PI040298AD5I210985,2018-09-27 10:12:18,-1.0,94.54,11.94,50.89
Flower power 0F48,PI040298AD5I210985,2018-09-27 10:27:18,-1.0,100.12,11.81,49.47
Flower power 0F48,PI040298AD5I210985,2018-09-27 10:42:18,-1.0,97.25,11.54,50.53
Flower power 0F48,PI040298AD5I210985,2018-09-27 10:57:18,-1.0,103.16,11.81,50.18
Flower power 0F48,PI040298AD5I210985,2018-09-27 11:12:18,-1.0,86.47,11.41,50.24
Flower power 0F48,PI040298AD5I210985,2018-09-27 11:27:18,-1.0,113.44,11.27,51.81
Flower power 0F48,PI040298AD5I210985,2018-09-27 11:42:18,-1.0,116.0,11.68,51.14
Flower power 0F48,PI040298AD5I210985,2018-09-27 11:57:18,-1.0,117.33,11.68,52.3
Flower power 0F48,PI040298AD5I210985,2018-09-27 12:12:18,-1.0,118.68,11.81,52.18
Flower power 0F48,PI040298AD5I210985,2018-09-27 12:27:18,-1.0,118.68,11.68,53.05
Flower power 0F48,PI040298AD5I210985,2018-09-27 12:42:18,-1.0,117.33,11.81,51.2
Flower power 0F48,PI040298AD5I210985,2018-09-27 12:57:18,-1.0,117.33,11.54,50.12
Flower power 0F48,PI040298AD5I210985,2018-09-27 13:12:18,-1.0,116.0,11.94,50.24
Flower power 0F48,PI040298AD5I210985,2018-09-27 13:27:18,-1.0,113.44,11.68,49.06
Flower power 0F48,PI040298AD5I210985,2018-09-27 13:42:18,-1.0,104.21,12.08,47.58
Flower power 0F48,PI040298AD5I210985,2018-09-27 13:57:18,-1.0,105.28,12.21,45.92
Flower power 0F48,PI040298AD5I210985,2018-09-27 14:12:18,-1.0,93.67,12.88,43.9
Flower power 0F48,PI040298AD5I210985,2018-09-27 14:27:18,-1.0,93.67,14.62,43.18
Flower power 0F48,PI040298AD5I210985,2018-09-27 14:42:18,-1.0,48.96,15.82,39.51
Flower power 0F48,PI040298AD5I210985,2018-09-27 14:57:18,-1.0,24.07,16.61,31.91
Flower power 0F48,PI040298AD5I210985,2018-09-27 15:12:18,-1.0,16.21,16.74,29.7
Flower power 0F48,PI040298AD5I210985,2018-09-27 15:27:18,-1.0,14.59,16.74,28.6
Flower power 0F48,PI040298AD5I210985,2018-09-27 15:42:18,-1.0,12.78,16.87,27.76
Flower power 0F48,PI040298AD5I210985,2018-09-27 15:57:18,-1.0,11.69,16.87,27.13
Flower power 0F48,PI040298AD5I210985,2018-09-27 16:12:18,-1.0,14.99,17.27,27.18
Flower power 0F48,PI040298AD5I210985,2018-09-27 16:27:18,-1.0,10.17,17.0,26.51
Flower power 0F48,PI040298AD5I210985,2018-09-27 16:42:18,-1.0,9.51,16.74,26.1
Flower power 0F48,PI040298AD5I210985,2018-09-27 16:57:18,-1.0,8.88,17.4,25.74
Flower power 0F48,PI040298AD5I210985,2018-09-27 17:12:18,-1.0,9.41,17.14,25.52
Flower power 0F48,PI040298AD5I210985,2018-09-27 17:27:18,-1.0,7.79,17.14,25.25
Flower power 0F48,PI040298AD5I210985,2018-09-27 17:42:18,-1.0,6.61,17.0,24.98
Flower power 0F48,PI040298AD5I210985,2018-09-27 17:57:18,-1.0,3.52,17.27,24.2
Flower power 0F48,PI040298AD5I210985,2018-09-27 18:12:18,-1.0,1.51,17.27,22.82
Flower power 0F48,PI040298AD5I210985,2018-09-27 18:27:18,-1.0,0.3,17.14,21.03
Flower power 0F48,PI040298AD5I210985,2018-09-27 18:42:18,-1.0,0.1,17.0,20.16
Flower power 0F48,PI040298AD5I210985,2018-09-27 18:57:18,-1.0,0.1,17.14,19.96
Flower power 0F48,PI040298AD5I210985,2018-09-27 19:12:18,-1.0,0.1,17.14,20.35
Flower power 0F48,PI040298AD5I210985,2018-09-27 19:27:18,-1.0,0.1,17.0,19.82
Flower power 0F48,PI040298AD5I210985,2018-09-27 19:42:18,-1.0,0.1,17.27,19.38
Flower power 0F48,PI040298AD5I210985,2018-09-27 19:57:18,-1.0,0.1,17.14,19.23
Flower power 0F48,PI040298AD5I210985,2018-09-27 20:12:18,-1.0,0.1,17.0,19.72
Flower power 0F48,PI040298AD5I210985,2018-09-27 20:27:18,-1.0,0.1,17.0,19.03
Flower power 0F48,PI040298AD5I210985,2018-09-27 20:42:18,-1.0,0.1,17.0,19.28
Flower power 0F48,PI040298AD5I210985,2018-09-27 20:57:18,-1.0,0.1,17.14,19.48
Flower power 0F48,PI040298AD5I210985,2018-09-27 21:12:18,-1.0,0.1,16.74,18.88
Flower power 0F48,PI040298AD5I210985,2018-09-27 21:27:18,-1.0,0.1,16.74,18.78
Flower power 0F48,PI040298AD5I210985,2018-09-27 21:42:18,-1.0,0.1,17.14,18.03
Flower power 0F48,PI040298AD5I210985,2018-09-27 21:57:18,-1.0,0.1,17.0,17.93
Flower power 0F48,PI040298AD5I210985,2018-09-27 22:12:18,-1.0,0.1,16.87,17.88
Flower power 0F48,PI040298AD5I210985,2018-09-27 22:27:18,-1.0,0.1,16.87,17.93
Flower power 0F48,PI040298AD5I210985,2018-09-27 22:42:18,-1.0,0.1,17.14,17.63
Flower power 0F48,PI040298AD5I210985,2018-09-27 22:57:18,-1.0,0.1,16.87,18.44
Flower power 0F48,PI040298AD5I210985,2018-09-27 23:12:18,-1.0,0.1,16.74,19.38
Flower power 0F48,PI040298AD5I210985,2018-09-27 23:27:18,-1.0,0.1,16.74,19.72
Flower power 0F48,PI040298AD5I210985,2018-09-27 23:42:18,-1.0,0.1,17.0,19.08
Flower power 0F48,PI040298AD5I210985,2018-09-27 23:57:18,-1.0,0.1,16.61,18.49
Flower power 0F48,PI040298AD5I210985,2018-09-28 00:12:18,-1.0,0.1,16.74,17.93
Flower power 0F48,PI040298AD5I210985,2018-09-28 00:27:18,-1.0,0.1,16.87,18.08
Flower power 0F48,PI040298AD5I210985,2018-09-28 00:42:18,-1.0,0.1,16.61,18.44
Flower power 0F48,PI040298AD5I210985,2018-09-28 00:57:18,-1.0,0.1,16.87,18.98
Flower power 0F48,PI040298AD5I210985,2018-09-28 01:12:18,-1.0,0.1,16.87,19.23
Flower power 0F48,PI040298AD5I210985,2018-09-28 01:27:18,-1.0,0.1,17.0,18.24
Flower power 0F48,PI040298AD5I210985,2018-09-28 01:42:18,-1.0,0.1,17.0,17.43
Flower power 0F48,PI040298AD5I210985,2018-09-28 01:57:18,-1.0,0.1,17.0,17.07
Flower power 0F48,PI040298AD5I210985,2018-09-28 02:12:18,-1.0,0.1,16.74,16.71
Flower power 0F48,PI040298AD5I210985,2018-09-28 02:27:18,-1.0,0.1,16.87,16.4
Flower power 0F48,PI040298AD5I210985,2018-09-28 02:42:18,-1.0,0.1,17.14,16.34
Flower power 0F48,PI040298AD5I210985,2018-09-28 02:57:18,-1.0,0.1,16.61,16.19
Flower power 0F48,PI040298AD5I210985,2018-09-28 03:12:18,-1.0,0.1,16.87,16.19
Flower power 0F48,PI040298AD5I210985,2018-09-28 03:27:18,-1.0,0.1,17.0,15.98
Flower power 0F48,PI040298AD5I210985,2018-09-28 03:42:18,-1.0,0.1,17.0,15.93
Flower power 0F48,PI040298AD5I210985,2018-09-28 03:57:18,-1.0,0.1,16.48,15.72
Flower power 0F48,PI040298AD5I210985,2018-09-28 04:12:18,-1.0,0.1,17.0,15.72
Flower power 0F48,PI040298AD5I210985,2018-09-28 04:27:18,-1.0,0.1,16.61,15.61
Flower power 0F48,PI040298AD5I210985,2018-09-28 04:42:18,-1.0,0.1,16.87,15.61
Flower power 0F48,PI040298AD5I210985,2018-09-28 04:57:18,-1.0,0.1,16.61,15.45
Flower power 0F48,PI040298AD5I210985,2018-09-28 05:12:18,-1.0,0.1,16.61,15.29
Flower power 0F48,PI040298AD5I210985,2018-09-28 05:27:18,-1.0,0.1,16.74,15.29
Flower power 0F48,PI040298AD5I210985,2018-09-28 05:42:18,-1.0,0.1,17.14,15.13
Flower power 0F48,PI040298AD5I210985,2018-09-28 05:57:18,-1.0,0.1,16.74,14.97
Flower power 0F48,PI040298AD5I210985,2018-09-28 06:12:18,-1.0,0.1,16.87,14.87
Flower power 0F48,PI040298AD5I210985,2018-09-28 06:27:18,-1.0,0.65,17.0,15.08
Flower power 0F48,PI040298AD5I210985,2018-09-28 06:42:18,-1.0,2.24,16.87,15.5
Flower power 0F48,PI040298AD5I210985,2018-09-28 06:57:18,-1.0,4.36,17.0,16.4
Flower power 0F48,PI040298AD5I210985,2018-09-28 07:12:18,-1.0,6.48,16.61,18.08
Flower power 0F48,PI040298AD5I210985,2018-09-28 07:27:18,-1.0,8.18,16.74,19.03
Flower power 0F48,PI040298AD5I210985,2018-09-28 07:42:18,-1.0,10.72,16.74,20.55
Flower power 0F48,PI040298AD5I210985,2018-09-28 07:57:18,-1.0,14.66,17.0,22.49
Flower power 0F48,PI040298AD5I210985,2018-09-28 08:12:18,-1.0,36.87,16.87,26.1
Flower power 0F48,PI040298AD5I210985,2018-09-28 08:27:18,-1.0,33.88,16.48,27.98
Flower power 0F48,PI040298AD5I210985,2018-09-28 08:42:18,-1.0,60.0,16.74,30.72
Flower power 0F48,PI040298AD5I210985,2018-09-28 08:57:18,-1.0,65.55,16.48,37.94
Flower power 0F48,PI040298AD5I210985,2018-09-28 09:12:18,-1.0,72.72,16.74,41.12
Flower power 0F48,PI040298AD5I210985,2018-09-28 09:27:18,-1.0,75.46,16.35,43.96
Flower power 0F48,PI040298AD5I210985,2018-09-28 09:42:18,-1.0,67.78,16.61,45.65
Flower power 0F48,PI040298AD5I210985,2018-09-28 09:57:18,-1.0,87.22,16.74,48.2
Flower power 0F48,PI040298AD5I210985,2018-09-28 10:12:18,-1.0,94.54,16.21,50.12
Flower power 0F48,PI040298AD5I210985,2018-09-28 10:27:18,-1.0,100.12,16.48,50.0
Flower power 0F48,PI040298AD5I210985,2018-09-28 10:42:18,-1.0,100.12,16.48,49.59
Flower power 0F48,PI040298AD5I210985,2018-09-28 10:57:18,-1.0,100.12,16.08,48.43
Flower power 0F48,PI040298AD5I210985,2018-09-28 11:12:18,-1.0,85.02,16.61,48.95
Flower power 0F48,PI040298AD5I210985,2018-09-28 11:27:18,-1.0,113.44,16.35,51.62
Flower power 0F48,PI040298AD5I210985,2018-09-28 11:42:18,-1.0,116.0,16.21,52.36
Flower power 0F48,PI040298AD5I210985,2018-09-28 11:57:18,-1.0,118.68,16.35,53.49
Flower power 0F48,PI040298AD5I210985,2018-09-28 12:12:18,-1.0,118.68,16.35,52.74
Flower power 0F48,PI040298AD5I210985,2018-09-28 12:27:18,-1.0,118.68,16.48,53.05
Flower power 0F48,PI040298AD5I210985,2018-09-28 12:42:18,-1.0,117.33,16.21,53.37
Flower power 0F48,PI040298AD5I210985,2018-09-28 12:57:18,-1.0,116.0,16.35,51.68
Flower power 0F48,PI040298AD5I210985,2018-09-28 13:12:18,-1.0,108.63,16.21,51.93
Flower power 0F48,PI040298AD5I210985,2018-09-28 13:27:18,-1.0,113.44,16.08,49.94
Flower power 0F48,PI040298AD5I210985,2018-09-28 13:42:18,-1.0,109.8,16.21,49.06
Flower power 0F48,PI040298AD5I210985,2018-09-28 13:57:18,-1.0,102.12,16.21,47.64
Flower power 0F48,PI040298AD5I210985,2018-09-28 14:12:18,-1.0,89.53,16.21,45.01
Flower power 0F48,PI040298AD5I210985,2018-09-28 14:27:18,-1.0,94.54,16.35,43.13
Flower power 0F48,PI040298AD5I210985,2018-09-28 14:42:18,-1.0,21.09,15.82,36.41
Flower power 0F48,PI040298AD5I210985,2018-09-28 14:57:18,-1.0,27.2,16.35,30.32
Flower power 0F48,PI040298AD5I210985,2018-09-28 15:12:18,-1.0,12.62,15.95,28.29
Flower power 0F48,PI040298AD5I210985,2018-09-28 15:27:18,-1.0,11.77,16.35,26.86
Flower power 0F48,PI040298AD5I210985,2018-09-28 15:42:18,-1.0,11.32,15.95,26.28
Flower power 0F48,PI040298AD5I210985,2018-09-28 15:57:18,-1.0,10.87,15.82,25.74
Flower power 0F48,PI040298AD5I210985,2018-09-28 16:12:18,-1.0,10.13,15.95,25.65
Flower power 0F48,PI040298AD5I210985,2018-09-28 16:27:18,-1.0,9.43,15.95,25.47
Flower power 0F48,PI040298AD5I210985,2018-09-28 16:42:18,-1.0,8.77,15.82,25.2
Flower power 0F48,PI040298AD5I210985,2018-09-28 16:57:18,-1.0,8.09,15.69,24.98
Flower power 0F48,PI040298AD5I210985,2018-09-28 17:12:18,-1.0,7.61,16.21,24.66
Flower power 0F48,PI040298AD5I210985,2018-09-28 17:27:18,-1.0,6.27,15.55,24.11
Flower power 0F48,PI040298AD5I210985,2018-09-28 17:42:18,-1.0,4.89,16.21,23.47
Flower power 0F48,PI040298AD5I210985,2018-09-28 17:57:18,-1.0,3.15,15.42,22.54
Flower power 0F48,PI040298AD5I210985,2018-09-28 18:12:18,-1.0,1.34,16.08,21.55
Flower power 0F48,PI040298AD5I210985,2018-09-28 18:27:18,-1.0,0.24,16.08,20.69
Flower power 0F48,PI040298AD5I210985,2018-09-28 18:42:18,-1.0,0.1,15.42,19.87
Flower power 0F48,PI040298AD5I210985,2018-09-28 18:57:18,-1.0,0.1,15.69,19.62
Flower power 0F48,PI040298AD5I210985,2018-09-28 19:12:18,-1.0,0.1,15.82,19.03
Flower power 0F48,PI040298AD5I210985,2018-09-28 19:27:18,-1.0,0.1,16.08,18.54
Flower power 0F48,PI040298AD5I210985,2018-09-28 19:42:18,-1.0,0.1,15.42,18.39
Flower power 0F48,PI040298AD5I210985,2018-09-28 19:57:18,-1.0,0.1,15.95,17.88
Flower power 0F48,PI040298AD5I210985,2018-09-28 20:12:18,-1.0,0.1,15.55,17.88
Flower power 0F48,PI040298AD5I210985,2018-09-28 20:27:18,-1.0,0.1,15.69,17.78
Flower power 0F48,PI040298AD5I210985,2018-09-28 20:42:18,-1.0,0.1,15.82,18.19
Flower power 0F48,PI040298AD5I210985,2018-09-28 20:57:18,-1.0,0.1,15.55,17.88
Flower power 0F48,PI040298AD5I210985,2018-09-28 21:12:18,-1.0,0.1,15.95,17.98
Flower power 0F48,PI040298AD5I210985,2018-09-28 21:27:18,-1.0,0.1,15.82,17.83
Flower power 0F48,PI040298AD5I210985,2018-09-28 21:42:18,-1.0,0.1,15.82,17.48
Flower power 0F48,PI040298AD5I210985,2018-09-28 21:57:18,-1.0,0.1,15.55,17.22
Flower power 0F48,PI040298AD5I210985,2018-09-28 22:12:18,-1.0,0.1,15.55,16.34
Flower power 0F48,PI040298AD5I210985,2018-09-28 22:27:18,-1.0,0.1,15.55,16.19
Flower power 0F48,PI040298AD5I210985,2018-09-28 22:42:18,-1.0,0.1,15.69,15.56
Flower power 0F48,PI040298AD5I210985,2018-09-28 22:57:18,-1.0,0.1,15.69,15.24
Flower power 0F48,PI040298AD5I210985,2018-09-28 23:12:18,-1.0,0.1,15.69,15.03
Flower power 0F48,PI040298AD5I210985,2018-09-28 23:27:18,-1.0,0.1,15.95,15.24
Flower power 0F48,PI040298AD5I210985,2018-09-28 23:42:18,-1.0,0.1,15.82,15.4
Flower power 0F48,PI040298AD5I210985,2018-09-28 23:57:18,-1.0,0.1,15.55,15.35
Flower power 0F48,PI040298AD5I210985,2018-09-29 00:12:18,-1.0,0.1,15.69,15.56
Flower power 0F48,PI040298AD5I210985,2018-09-29 00:27:18,-1.0,0.1,15.69,15.13
Flower power 0F48,PI040298AD5I210985,2018-09-29 00:42:18,-1.0,0.1,15.82,15.77
Flower power 0F48,PI040298AD5I210985,2018-09-29 00:57:18,-1.0,0.1,15.55,15.03
Flower power 0F48,PI040298AD5I210985,2018-09-29 01:12:18,-1.0,0.1,15.69,14.22
Flower power 0F48,PI040298AD5I210985,2018-09-29 01:27:18,-1.0,0.1,15.69,13.84
Flower power 0F48,PI040298AD5I210985,2018-09-29 01:42:18,-1.0,0.1,15.82,13.84
Flower power 0F48,PI040298AD5I210985,2018-09-29 01:57:18,-1.0,0.1,15.42,13.62
Flower power 0F48,PI040298AD5I210985,2018-09-29 02:12:18,-1.0,0.1,15.69,13.34
Flower power 0F48,PI040298AD5I210985,2018-09-29 02:27:18,-1.0,0.1,15.29,13.17
Flower power 0F48,PI040298AD5I210985,2018-09-29 02:42:18,-1.0,0.1,15.42,13.4
Flower power 0F48,PI040298AD5I210985,2018-09-29 02:57:18,-1.0,0.1,15.42,13.12
Flower power 0F48,PI040298AD5I210985,2018-09-29 03:12:18,-1.0,0.1,15.69,13.12
Flower power 0F48,PI040298AD5I210985,2018-09-29 03:27:18,-1.0,0.1,15.29,13.17
Flower power 0F48,PI040298AD5I210985,2018-09-29 03:42:18,-1.0,0.1,15.69,13.23
Flower power 0F48,PI040298AD5I210985,2018-09-29 03:57:18,-1.0,0.1,15.82,13.73
Flower power 0F48,PI040298AD5I210985,2018-09-29 04:12:18,-1.0,0.1,15.42,14.22
Flower power 0F48,PI040298AD5I210985,2018-09-29 04:27:18,-1.0,0.1,15.29,15.35
Flower power 0F48,PI040298AD5I210985,2018-09-29 04:42:18,-1.0,0.1,15.69,15.4
Flower power 0F48,PI040298AD5I210985,2018-09-29 04:57:18,-1.0,0.1,15.55,14.22
Flower power 0F48,PI040298AD5I210985,2018-09-29 05:12:18,-1.0,0.1,15.55,14.0
Flower power 0F48,PI040298AD5I210985,2018-09-29 05:27:18,-1.0,0.1,15.42,14.22
Flower power 0F48,PI040298AD5I210985,2018-09-29 05:42:18,-1.0,0.1,15.69,15.5
Flower power 0F48,PI040298AD5I210985,2018-09-29 05:57:18,-1.0,0.1,15.15,14.65
Flower power 0F48,PI040298AD5I210985,2018-09-29 06:12:18,-1.0,0.1,15.42,14.22
Flower power 0F48,PI040298AD5I210985,2018-09-29 06:27:18,-1.0,0.58,15.55,14.27
Flower power 0F48,PI040298AD5I210985,2018-09-29 06:42:18,-1.0,2.13,15.29,14.33
Flower power 0F48,PI040298AD5I210985,2018-09-29 06:57:18,-1.0,4.22,15.55,15.24
Flower power 0F48,PI040298AD5I210985,2018-09-29 07:12:18,-1.0,6.28,15.42,16.66
Flower power 0F48,PI040298AD5I210985,2018-09-29 07:27:18,-1.0,8.05,15.15,18.08
Flower power 0F48,PI040298AD5I210985,2018-09-29 07:42:18,-1.0,11.03,15.29,19.53
Flower power 0F48,PI040298AD5I210985,2018-09-29 07:57:18,-1.0,22.04,15.29,21.22
Flower power 0F48,PI040298AD5I210985,2018-09-29 08:12:18,-1.0,29.76,15.02,23.37
Flower power 0F48,PI040298AD5I210985,2018-09-29 08:27:18,-1.0,42.36,15.42,26.64
Flower power 0F48,PI040298AD5I210985,2018-09-29 08:42:18,-1.0,61.12,15.69,32.09
Flower power 0F48,PI040298AD5I210985,2018-09-29 08:57:18,-1.0,65.55,15.15,36.5
Flower power 0F48,PI040298AD5I210985,2018-09-29 09:12:18,-1.0,71.17,15.15,38.41
Flower power 0F48,PI040298AD5I210985,2018-09-29 09:27:18,-1.0,76.03,14.89,41.26
Flower power 0F48,PI040298AD5I210985,2018-09-29 09:42:18,-1.0,71.17,14.89,41.71
Flower power 0F48,PI040298AD5I210985,2018-09-29 09:57:18,-1.0,87.98,15.15,45.12
Flower power 0F48,PI040298AD5I210985,2018-09-29 10:12:18,-1.0,93.67,15.15,47.58
Flower power 0F48,PI040298AD5I210985,2018-09-29 10:27:18,-1.0,99.14,15.02,49.18
Flower power 0F48,PI040298AD5I210985,2018-09-29 10:42:18,-1.0,104.21,15.02,49.53
Flower power 0F48,PI040298AD5I210985,2018-09-29 10:57:18,-1.0,92.81,14.89,50.0
Flower power 0F48,PI040298AD5I210985,2018-09-29 11:12:18,-1.0,103.16,15.02,50.89
Flower power 0F48,PI040298AD5I210985,2018-09-29 11:27:18,-1.0,110.99,15.02,51.5
Flower power 0F48,PI040298AD5I210985,2018-09-29 11:42:18,-1.0,114.71,14.89,52.49
Flower power 0F48,PI040298AD5I210985,2018-09-29 11:57:18,-1.0,117.33,14.62,53.49
Flower power 0F48,PI040298AD5I210985,2018-09-29 12:12:18,-1.0,117.33,14.89,53.69
Flower power 0F48,PI040298AD5I210985,2018-09-29 12:27:18,-1.0,117.33,14.76,53.43
Flower power 0F48,PI040298AD5I210985,2018-09-29 12:42:18,-1.0,117.33,14.76,52.93
Flower power 0F48,PI040298AD5I210985,2018-09-29 12:57:18,-1.0,117.33,14.62,51.68
Flower power 0F48,PI040298AD5I210985,2018-09-29 13:12:18,-1.0,116.0,14.62,50.95
Flower power 0F48,PI040298AD5I210985,2018-09-29 13:27:18,-1.0,113.44,15.15,50.3
Flower power 0F48,PI040298AD5I210985,2018-09-29 13:42:18,-1.0,110.99,14.76,47.86
Flower power 0F48,PI040298AD5I210985,2018-09-29 13:57:18,-1.0,106.38,14.62,46.09
Flower power 0F48,PI040298AD5I210985,2018-09-29 14:12:18,-1.0,98.19,14.62,44.64
Flower power 0F48,PI040298AD5I210985,2018-09-29 14:27:18,-1.0,92.81,14.62,43.7
Flower power 0F48,PI040298AD5I210985,2018-09-29 14:42:18,-1.0,45.96,14.49,37.19
Flower power 0F48,PI040298AD5I210985,2018-09-29 14:57:18,-1.0,20.58,14.49,29.66
Flower power 0F48,PI040298AD5I210985,2018-09-29 15:12:18,-1.0,11.69,14.62,28.33
Flower power 0F48,PI040298AD5I210985,2018-09-29 15:27:18,-1.0,11.17,14.62,26.73
Flower power 0F48,PI040298AD5I210985,2018-09-29 15:42:18,-1.0,10.66,14.62,26.24
Flower power 0F48,PI040298AD5I210985,2018-09-29 15:57:18,-1.0,10.05,14.76,25.74
Flower power 0F48,PI040298AD5I210985,2018-09-29 16:12:18,-1.0,9.62,14.62,25.52
Flower power 0F48,PI040298AD5I210985,2018-09-29 16:27:18,-1.0,9.2,14.62,25.16
Flower power 0F48,PI040298AD5I210985,2018-09-29 16:42:18,-1.0,8.78,14.76,24.98
Flower power 0F48,PI040298AD5I210985,2018-09-29 16:57:18,-1.0,8.2,14.62,24.79
Flower power 0F48,PI040298AD5I210985,2018-09-29 17:12:18,-1.0,7.4,14.89,24.25
Flower power 0F48,PI040298AD5I210985,2018-09-29 17:27:18,-1.0,6.14,14.62,23.65
Flower power 0F48,PI040298AD5I210985,2018-09-29 17:42:18,-1.0,4.74,14.76,23.1
Flower power 0F48,PI040298AD5I210985,2018-09-29 17:57:18,-1.0,3.0,14.49,22.4
Flower power 0F48,PI040298AD5I210985,2018-09-29 18:12:18,-1.0,1.21,14.62,21.55
Flower power 0F48,PI040298AD5I210985,2018-09-29 18:27:18,-1.0,0.2,14.62,20.79
Flower power 0F48,PI040298AD5I210985,2018-09-29 18:42:18,-1.0,0.1,14.62,19.48
Flower power 0F48,PI040298AD5I210985,2018-09-29 18:57:18,-1.0,0.1,14.36,19.23
Flower power 0F48,PI040298AD5I210985,2018-09-29 19:12:18,-1.0,0.1,14.76,18.24
Flower power 0F48,PI040298AD5I210985,2018-09-29 19:27:18,-1.0,0.1,14.62,17.17
Flower power 0F48,PI040298AD5I210985,2018-09-29 19:42:18,-1.0,0.1,14.36,16.76
Flower power 0F48,PI040298AD5I210985,2018-09-29 19:57:18,-1.0,0.1,14.22,16.34
Flower power 0F48,PI040298AD5I210985,2018-09-29 20:12:18,-1.0,0.1,14.22,16.14
Flower power 0F48,PI040298AD5I210985,2018-09-29 20:27:18,-1.0,0.1,14.36,15.98
Flower power 0F48,PI040298AD5I210985,2018-09-29 20:42:18,-1.0,0.1,14.62,15.98
Flower power 0F48,PI040298AD5I210985,2018-09-29 20:57:18,-1.0,0.1,14.22,15.87
Flower power 0F48,PI040298AD5I210985,2018-09-29 21:12:18,-1.0,0.1,14.36,15.98
Flower power 0F48,PI040298AD5I210985,2018-09-29 21:27:18,-1.0,0.1,14.62,16.03
Flower power 0F48,PI040298AD5I210985,2018-09-29 21:42:18,-1.0,0.1,14.49,16.29
Flower power 0F48,PI040298AD5I210985,2018-09-29 21:57:18,-1.0,0.1,14.62,16.14
Flower power 0F48,PI040298AD5I210985,2018-09-29 22:12:18,-1.0,0.1,14.76,15.45
Flower power 0F48,PI040298AD5I210985,2018-09-29 22:27:18,-1.0,0.1,14.62,15.45
Flower power 0F48,PI040298AD5I210985,2018-09-29 22:42:18,-1.0,0.1,14.36,16.03
Flower power 0F48,PI040298AD5I210985,2018-09-29 22:57:18,-1.0,0.1,14.62,16.03
Flower power 0F48,PI040298AD5I210985,2018-09-29 23:12:18,-1.0,0.1,14.09,16.08
Flower power 0F48,PI040298AD5I210985,2018-09-29 23:27:18,-1.0,0.1,14.36,15.77
Flower power 0F48,PI040298AD5I210985,2018-09-29 23:42:18,-1.0,0.1,14.62,15.56
Flower power 0F48,PI040298AD5I210985,2018-09-29 23:57:18,-1.0,0.1,14.49,15.19
Flower power 0F48,PI040298AD5I210985,2018-09-30 00:12:18,-1.0,0.1,14.49,15.66
Flower power 0F48,PI040298AD5I210985,2018-09-30 00:27:18,-1.0,0.1,14.49,15.35
Flower power 0F48,PI040298AD5I210985,2018-09-30 00:42:18,-1.0,0.1,14.22,15.19
Flower power 0F48,PI040298AD5I210985,2018-09-30 00:57:18,-1.0,0.1,14.62,15.08
Flower power 0F48,PI040298AD5I210985,2018-09-30 01:12:18,-1.0,0.1,14.09,14.76
Flower power 0F48,PI040298AD5I210985,2018-09-30 01:27:18,-1.0,0.1,14.36,14.0
Flower power 0F48,PI040298AD5I210985,2018-09-30 01:42:18,-1.0,0.1,14.36,13.73
Flower power 0F48,PI040298AD5I210985,2018-09-30 01:57:18,-1.0,0.1,14.49,13.56
Flower power 0F48,PI040298AD5I210985,2018-09-30 02:12:18,-1.0,0.1,14.62,13.45
Flower power 0F48,PI040298AD5I210985,2018-09-30 02:27:18,-1.0,0.1,14.22,13.73
Flower power 0F48,PI040298AD5I210985,2018-09-30 02:42:18,-1.0,0.1,14.62,13.51
Flower power 0F48,PI040298AD5I210985,2018-09-30 02:57:18,-1.0,0.1,14.09,13.23
Flower power 0F48,PI040298AD5I210985,2018-09-30 03:12:18,-1.0,0.1,14.22,13.56
Flower power 0F48,PI040298AD5I210985,2018-09-30 03:27:18,-1.0,0.1,14.09,13.23
Flower power 0F48,PI040298AD5I210985,2018-09-30 03:42:18,-1.0,0.1,14.49,13.67
Flower power 0F48,PI040298AD5I210985,2018-09-30 03:57:18,-1.0,0.1,14.22,13.51
Flower power 0F48,PI040298AD5I210985,2018-09-30 04:12:18,-1.0,0.1,14.22,13.4
Flower power 0F48,PI040298AD5I210985,2018-09-30 04:27:18,-1.0,0.1,14.49,13.56
Flower power 0F48,PI040298AD5I210985,2018-09-30 04:42:18,-1.0,0.1,14.49,13.62
Flower power 0F48,PI040298AD5I210985,2018-09-30 04:57:18,-1.0,0.1,14.49,13.45
Flower power 0F48,PI040298AD5I210985,2018-09-30 05:12:18,-1.0,0.1,14.36,13.17
Flower power 0F48,PI040298AD5I210985,2018-09-30 05:27:18,-1.0,0.1,14.09,13.01
Flower power 0F48,PI040298AD5I210985,2018-09-30 05:42:18,-1.0,0.1,14.62,13.56
Flower power 0F48,PI040298AD5I210985,2018-09-30 05:57:18,-1.0,0.1,13.82,13.45
Flower power 0F48,PI040298AD5I210985,2018-09-30 06:12:18,-1.0,0.1,14.36,13.4
Flower power 0F48,PI040298AD5I210985,2018-09-30 06:27:18,-1.0,0.45,14.22,13.06
Flower power 0F48,PI040298AD5I210985,2018-09-30 06:42:18,-1.0,1.58,14.36,13.78
Flower power 0F48,PI040298AD5I210985,2018-09-30 06:57:18,-1.0,3.56,14.22,15.19
Flower power 0F48,PI040298AD5I210985,2018-09-30 07:12:18,-1.0,6.64,13.82,16.6
Flower power 0F48,PI040298AD5I210985,2018-09-30 07:27:18,-1.0,7.11,14.36,17.02
Flower power 0F48,PI040298AD5I210985,2018-09-30 07:42:18,-1.0,10.58,14.36,17.68
Flower power 0F48,PI040298AD5I210985,2018-09-30 07:57:18,-1.0,13.54,14.22,18.78
Flower power 0F48,PI040298AD5I210985,2018-09-30 08:12:18,-1.0,40.25,14.36,22.49
Flower power 0F48,PI040298AD5I210985,2018-09-30 08:27:18,-1.0,40.08,13.95,26.28
Flower power 0F48,PI040298AD5I210985,2018-09-30 08:42:18,-1.0,48.72,13.95,30.67
Flower power 0F48,PI040298AD5I210985,2018-09-30 08:57:18,-1.0,58.58,14.09,35.18
Flower power 0F48,PI040298AD5I210985,2018-09-30 09:12:18,-1.0,51.0,14.22,35.22
Flower power 0F48,PI040298AD5I210985,2018-09-30 09:27:18,-1.0,73.79,13.82,41.16
Flower power 0F48,PI040298AD5I210985,2018-09-30 09:42:18,-1.0,69.68,14.09,41.36
Flower power 0F48,PI040298AD5I210985,2018-09-30 09:57:18,-1.0,85.02,13.82,43.39
Flower power 0F48,PI040298AD5I210985,2018-09-30 10:12:18,-1.0,91.14,13.69,45.44
Flower power 0F48,PI040298AD5I210985,2018-09-30 10:27:18,-1.0,97.25,13.82,47.8
Flower power 0F48,PI040298AD5I210985,2018-09-30 10:42:18,-1.0,101.11,13.69,49.88
Flower power 0F48,PI040298AD5I210985,2018-09-30 10:57:18,-1.0,85.02,13.95,50.77
Flower power 0F48,PI040298AD5I210985,2018-09-30 11:12:18,-1.0,108.63,13.95,51.75
Flower power 0F48,PI040298AD5I210985,2018-09-30 11:27:18,-1.0,110.99,13.69,54.01
Flower power 0F48,PI040298AD5I210985,2018-09-30 11:42:18,-1.0,112.2,13.82,52.67
Flower power 0F48,PI040298AD5I210985,2018-09-30 11:57:18,-1.0,117.33,13.69,53.11
Flower power 0F48,PI040298AD5I210985,2018-09-30 12:12:18,-1.0,125.93,13.82,55.0
Flower power 0F48,PI040298AD5I210985,2018-09-30 12:27:18,-1.0,134.09,13.95,52.8
Flower power 0F48,PI040298AD5I210985,2018-09-30 12:42:18,-1.0,91.97,14.09,52.67
Flower power 0F48,PI040298AD5I210985,2018-09-30 12:57:18,-1.0,92.81,13.55,46.58
Flower power 0F48,PI040298AD5I210985,2018-09-30 13:12:18,-1.0,124.41,13.69,50.12
Flower power 0F48,PI040298AD5I210985,2018-09-30 13:27:18,-1.0,113.44,13.69,50.77
Flower power 0F48,PI040298AD5I210985,2018-09-30 13:42:18,-1.0,107.49,13.82,49.59
Flower power 0F48,PI040298AD5I210985,2018-09-30 13:57:18,-1.0,83.61,13.82,47.13
Flower power 0F48,PI040298AD5I210985,2018-09-30 14:12:18,-1.0,98.19,13.69,42.62
Flower power 0F48,PI040298AD5I210985,2018-09-30 14:27:18,-1.0,97.25,13.69,40.43
Flower power 0F48,PI040298AD5I210985,2018-09-30 14:42:18,-1.0,43.7,13.69,37.99
Flower power 0F48,PI040298AD5I210985,2018-09-30 14:57:18,-1.0,28.59,13.69,30.94
Flower power 0F48,PI040298AD5I210985,2018-09-30 15:12:18,-1.0,24.77,13.55,30.54
Flower power 0F48,PI040298AD5I210985,2018-09-30 15:27:18,-1.0,28.09,13.42,30.45
Flower power 0F48,PI040298AD5I210985,2018-09-30 15:42:18,-1.0,22.57,13.95,29.7
Flower power 0F48,PI040298AD5I210985,2018-09-30 15:57:18,-1.0,32.61,13.69,30.72
Flower power 0F48,PI040298AD5I210985,2018-09-30 16:12:18,-1.0,15.17,13.29,28.55
Flower power 0F48,PI040298AD5I210985,2018-09-30 16:27:18,-1.0,12.67,13.42,26.73
Flower power 0F48,PI040298AD5I210985,2018-09-30 16:42:18,-1.0,12.45,13.82,26.28
Flower power 0F48,PI040298AD5I210985,2018-09-30 16:57:18,-1.0,12.82,13.82,26.1
Flower power 0F48,PI040298AD5I210985,2018-09-30 17:12:18,-1.0,9.15,13.55,25.52
Flower power 0F48,PI040298AD5I210985,2018-09-30 17:27:18,-1.0,6.39,13.55,24.29
Flower power 0F48,PI040298AD5I210985,2018-09-30 17:42:18,-1.0,4.69,13.69,23.47
Flower power 0F48,PI040298AD5I210985,2018-09-30 17:57:18,-1.0,2.79,13.29,22.63
Flower power 0F48,PI040298AD5I210985,2018-09-30 18:12:18,-1.0,1.04,13.55,21.55
Flower power 0F48,PI040298AD5I210985,2018-09-30 18:27:18,-1.0,0.14,13.69,20.4
Flower power 0F48,PI040298AD5I210985,2018-09-30 18:42:18,-1.0,0.1,13.55,18.98
Flower power 0F48,PI040298AD5I210985,2018-09-30 18:57:18,-1.0,0.1,13.82,18.13
Flower power 0F48,PI040298AD5I210985,2018-09-30 19:12:18,-1.0,0.1,13.55,17.63
Flower power 0F48,PI040298AD5I210985,2018-09-30 19:27:18,-1.0,0.1,13.55,17.32
Flower power 0F48,PI040298AD5I210985,2018-09-30 19:42:18,-1.0,0.1,13.29,17.32
Flower power 0F48,PI040298AD5I210985,2018-09-30 19:57:18,-1.0,0.1,13.29,17.07
Flower power 0F48,PI040298AD5I210985,2018-09-30 20:12:18,-1.0,0.1,13.55,17.07
Flower power 0F48,PI040298AD5I210985,2018-09-30 20:27:18,-1.0,0.1,13.69,16.86
Flower power 0F48,PI040298AD5I210985,2018-09-30 20:42:18,-1.0,0.1,13.29,16.6
Flower power 0F48,PI040298AD5I210985,2018-09-30 20:57:18,-1.0,0.1,13.15,16.14
Flower power 0F48,PI040298AD5I210985,2018-09-30 21:12:18,-1.0,0.1,13.29,16.08
Flower power 0F48,PI040298AD5I210985,2018-09-30 21:27:18,-1.0,0.1,13.02,15.87
Flower power 0F48,PI040298AD5I210985,2018-09-30 21:42:18,-1.0,0.1,13.55,15.72
Flower power 0F48,PI040298AD5I210985,2018-09-30 21:57:18,-1.0,0.1,13.55,15.61
Flower power 0F48,PI040298AD5I210985,2018-09-30 22:12:18,-1.0,0.1,13.29,15.66
Flower power 0F48,PI040298AD5I210985,2018-09-30 22:27:18,-1.0,0.1,13.55,15.72
Flower power 0F48,PI040298AD5I210985,2018-09-30 22:42:18,-1.0,0.1,13.29,15.45
Flower power 0F48,PI040298AD5I210985,2018-09-30 22:57:18,-1.0,0.1,13.69,15.29
Flower power 0F48,PI040298AD5I210985,2018-09-30 23:12:18,-1.0,0.1,13.69,15.13
Flower power 0F48,PI040298AD5I210985,2018-09-30 23:27:18,-1.0,0.1,13.42,14.97
Flower power 0F48,PI040298AD5I210985,2018-09-30 23:42:18,-1.0,0.1,13.42,15.4
Flower power 0F48,PI040298AD5I210985,2018-09-30 23:57:18,-1.0,0.1,13.29,14.87
Flower power 0F48,PI040298AD5I210985,2018-10-01 00:12:18,-1.0,0.1,13.69,14.97
Flower power 0F48,PI040298AD5I210985,2018-10-01 00:27:18,-1.0,0.1,13.15,15.24
Flower power 0F48,PI040298AD5I210985,2018-10-01 00:42:18,-1.0,0.1,13.69,15.13
Flower power 0F48,PI040298AD5I210985,2018-10-01 00:57:18,-1.0,0.1,13.55,15.13
Flower power 0F48,PI040298AD5I210985,2018-10-01 01:12:18,-1.0,0.1,13.69,14.81
Flower power 0F48,PI040298AD5I210985,2018-10-01 01:27:18,-1.0,0.1,13.02,15.08
Flower power 0F48,PI040298AD5I210985,2018-10-01 01:42:18,-1.0,0.1,13.69,14.7
Flower power 0F48,PI040298AD5I210985,2018-10-01 01:57:18,-1.0,0.1,13.29,14.38
Flower power 0F48,PI040298AD5I210985,2018-10-01 02:12:18,-1.0,0.1,13.42,14.16
Flower power 0F48,PI040298AD5I210985,2018-10-01 02:27:18,-1.0,0.1,13.42,14.16
Flower power 0F48,PI040298AD5I210985,2018-10-01 02:42:18,-1.0,0.1,13.29,14.43
Flower power 0F48,PI040298AD5I210985,2018-10-01 02:57:18,-1.0,0.1,13.02,14.16
Flower power 0F48,PI040298AD5I210985,2018-10-01 03:12:18,-1.0,0.1,13.15,14.0
Flower power 0F48,PI040298AD5I210985,2018-10-01 03:27:18,-1.0,0.1,13.02,14.11
Flower power 0F48,PI040298AD5I210985,2018-10-01 03:42:18,-1.0,0.1,13.42,13.89
Flower power 0F48,PI040298AD5I210985,2018-10-01 03:57:18,-1.0,0.1,13.42,14.22
Flower power 0F48,PI040298AD5I210985,2018-10-01 04:12:18,-1.0,0.1,13.55,14.0
Flower power 0F48,PI040298AD5I210985,2018-10-01 04:27:18,-1.0,0.1,13.55,13.51
Flower power 0F48,PI040298AD5I210985,2018-10-01 04:42:18,-1.0,0.1,13.42,13.34
Flower power 0F48,PI040298AD5I210985,2018-10-01 04:57:18,-1.0,0.1,13.15,13.45
Flower power 0F48,PI040298AD5I210985,2018-10-01 05:12:18,-1.0,0.1,13.55,13.23
Flower power 0F48,PI040298AD5I210985,2018-10-01 05:27:18,-1.0,0.1,13.69,13.06
Flower power 0F48,PI040298AD5I210985,2018-10-01 05:42:18,-1.0,0.1,13.15,12.73
Flower power 0F48,PI040298AD5I210985,2018-10-01 05:57:18,-1.0,0.1,13.02,12.78
Flower power 0F48,PI040298AD5I210985,2018-10-01 06:12:18,-1.0,0.1,13.15,12.84
Flower power 0F48,PI040298AD5I210985,2018-10-01 06:27:18,-1.0,0.42,13.02,12.78
Flower power 0F48,PI040298AD5I210985,2018-10-01 06:42:18,-1.0,1.82,13.15,13.06
Flower power 0F48,PI040298AD5I210985,2018-10-01 06:57:18,-1.0,3.97,13.29,13.89
Flower power 0F48,PI040298AD5I210985,2018-10-01 07:12:18,-1.0,6.2,13.55,15.19
Flower power 0F48,PI040298AD5I210985,2018-10-01 07:27:18,-1.0,8.2,13.42,16.34
Flower power 0F48,PI040298AD5I210985,2018-10-01 07:42:18,-1.0,10.5,13.55,17.58
Flower power 0F48,PI040298AD5I210985,2018-10-01 07:57:18,-1.0,19.54,13.29,19.38
Flower power 0F48,PI040298AD5I210985,2018-10-01 08:12:18,-1.0,24.77,13.29,21.55
Flower power 0F48,PI040298AD5I210985,2018-10-01 08:27:18,-1.0,33.76,13.42,25.65
Flower power 0F48,PI040298AD5I210985,2018-10-01 08:42:18,-1.0,56.25,13.02,30.41
Flower power 0F48,PI040298AD5I210985,2018-10-01 08:57:18,-1.0,64.7,13.29,35.59
Flower power 0F48,PI040298AD5I210985,2018-10-01 09:12:18,-1.0,68.72,13.42,39.46
Flower power 0F48,PI040298AD5I210985,2018-10-01 09:27:18,-1.0,69.68,13.29,42.11
Flower power 0F48,PI040298AD5I210985,2018-10-01 09:42:18,-1.0,79.02,13.29,44.01
Flower power 0F48,PI040298AD5I210985,2018-10-01 09:57:18,-1.0,82.25,13.29,48.03
Flower power 0F48,PI040298AD5I210985,2018-10-01 10:12:18,-1.0,91.97,12.88,50.53
Flower power 0F48,PI040298AD5I210985,2018-10-01 10:27:18,-1.0,97.25,12.75,52.8
Flower power 0F48,PI040298AD5I210985,2018-10-01 10:42:18,-1.0,102.12,12.88,55.0
Flower power 0F48,PI040298AD5I210985,2018-10-01 10:57:18,-1.0,105.28,13.02,55.0
Flower power 0F48,PI040298AD5I210985,2018-10-01 11:12:18,-1.0,109.8,13.29,55.0
Flower power 0F48,PI040298AD5I210985,2018-10-01 11:27:18,-1.0,110.99,12.75,55.0
Flower power 0F48,PI040298AD5I210985,2018-10-01 11:42:18,-1.0,112.2,12.62,55.0
Flower power 0F48,PI040298AD5I210985,2018-10-01 11:57:18,-1.0,112.2,12.88,55.0
Flower power 0F48,PI040298AD5I210985,2018-10-01 12:12:18,-1.0,113.44,13.02,55.0
Flower power 0F48,PI040298AD5I210985,2018-10-01 12:27:18,-1.0,112.2,12.75,55.0
Flower power 0F48,PI040298AD5I210985,2018-10-01 12:42:18,-1.0,110.99,13.15,55.0
Flower power 0F48,PI040298AD5I210985,2018-10-01 12:57:18,-1.0,110.99,13.02,55.0
Flower power 0F48,PI040298AD5I210985,2018-10-01 13:12:18,-1.0,107.49,12.88,54.65
Flower power 0F48,PI040298AD5I210985,2018-10-01 13:27:18,-1.0,106.38,13.15,53.3
Flower power 0F48,PI040298AD5I210985,2018-10-01 13:42:18,-1.0,105.28,13.29,52.11
Flower power 0F48,PI040298AD5I210985,2018-10-01 13:57:18,-1.0,98.19,13.02,50.95
Flower power 0F48,PI040298AD5I210985,2018-10-01 14:12:18,-1.0,82.92,13.15,49.12
Flower power 0F48,PI040298AD5I210985,2018-10-01 14:27:18,-1.0,89.53,12.88,44.16
Flower power 0F48,PI040298AD5I210985,2018-10-01 14:42:18,-1.0,28.09,12.88,38.27
Flower power 0F48,PI040298AD5I210985,2018-10-01 14:57:18,-1.0,25.93,12.75,31.96
Flower power 0F48,PI040298AD5I210985,2018-10-01 15:12:18,-1.0,15.99,13.02,30.28
Flower power 0F48,PI040298AD5I210985,2018-10-01 15:27:18,-1.0,15.04,13.15,29.22
Flower power 0F48,PI040298AD5I210985,2018-10-01 15:42:18,-1.0,15.27,13.02,29.08
Flower power 0F48,PI040298AD5I210985,2018-10-01 15:57:18,-1.0,14.87,12.88,29.26
Flower power 0F48,PI040298AD5I210985,2018-10-01 16:12:18,-1.0,12.11,12.75,28.51
Flower power 0F48,PI040298AD5I210985,2018-10-01 16:27:18,-1.0,10.1,12.62,27.84
Flower power 0F48,PI040298AD5I210985,2018-10-01 16:42:18,-1.0,8.93,12.75,27.27
Flower power 0F48,PI040298AD5I210985,2018-10-01 16:57:18,-1.0,7.95,13.15,26.37
Flower power 0F48,PI040298AD5I210985,2018-10-01 17:12:18,-1.0,7.0,12.75,25.07
Flower power 0F48,PI040298AD5I210985,2018-10-01 17:27:18,-1.0,5.85,12.88,23.93
Flower power 0F48,PI040298AD5I210985,2018-10-01 17:42:18,-1.0,4.45,12.88,23.24
Flower power 0F48,PI040298AD5I210985,2018-10-01 17:57:18,-1.0,2.67,13.02,21.74
Flower power 0F48,PI040298AD5I210985,2018-10-01 18:12:18,-1.0,0.95,13.15,20.79
Flower power 0F48,PI040298AD5I210985,2018-10-01 18:27:18,-1.0,0.11,12.88,20.21
Flower power 0F48,PI040298AD5I210985,2018-10-01 18:42:18,-1.0,0.1,12.62,20.11
Flower power 0F48,PI040298AD5I210985,2018-10-01 18:57:18,-1.0,0.1,12.35,19.87
Flower power 0F48,PI040298AD5I210985,2018-10-01 19:12:18,-1.0,0.1,13.15,19.82
Flower power 0F48,PI040298AD5I210985,2018-10-01 19:27:18,-1.0,0.1,12.88,19.33
Flower power 0F48,PI040298AD5I210985,2018-10-01 19:42:18,-1.0,0.1,12.88,17.88
Flower power 0F48,PI040298AD5I210985,2018-10-01 19:57:18,-1.0,0.1,13.02,16.34
Flower power 0F48,PI040298AD5I210985,2018-10-01 20:12:18,-1.0,0.1,13.02,16.03
Flower power 0F48,PI040298AD5I210985,2018-10-01 20:27:18,-1.0,0.1,12.88,16.24
Flower power 0F48,PI040298AD5I210985,2018-10-01 20:42:18,-1.0,0.1,13.15,16.24
Flower power 0F48,PI040298AD5I210985,2018-10-01 20:57:18,-1.0,0.1,12.62,16.66
Flower power 0F48,PI040298AD5I210985,2018-10-01 21:12:18,-1.0,0.1,12.75,16.34
Flower power 0F48,PI040298AD5I210985,2018-10-01 21:27:18,-1.0,0.1,12.48,16.14
Flower power 0F48,PI040298AD5I210985,2018-10-01 21:42:18,-1.0,0.1,12.75,16.14
Flower power 0F48,PI040298AD5I210985,2018-10-01 21:57:18,-1.0,0.1,13.02,16.03
Flower power 0F48,PI040298AD5I210985,2018-10-01 22:12:18,-1.0,0.1,12.88,15.56
Flower power 0F48,PI040298AD5I210985,2018-10-01 22:27:18,-1.0,0.1,12.88,15.19
Flower power 0F48,PI040298AD5I210985,2018-10-01 22:42:18,-1.0,0.1,12.88,14.92
Flower power 0F48,PI040298AD5I210985,2018-10-01 22:57:18,-1.0,0.1,12.62,14.11
Flower power 0F48,PI040298AD5I210985,2018-10-01 23:12:18,-1.0,0.1,12.75,13.62
Flower power 0F48,PI040298AD5I210985,2018-10-01 23:27:18,-1.0,0.1,13.02,13.28
Flower power 0F48,PI040298AD5I210985,2018-10-01 23:42:18,-1.0,0.1,12.62,13.89
Flower power 0F48,PI040298AD5I210985,2018-10-01 23:57:18,-1.0,0.1,12.75,14.11
Flower power 0F48,PI040298AD5I210985,2018-10-02 00:12:18,-1.0,0.1,12.75,13.84
Flower power 0F48,PI040298AD5I210985,2018-10-02 00:27:18,-1.0,0.1,12.88,13.84
Flower power 0F48,PI040298AD5I210985,2018-10-02 00:42:18,-1.0,0.1,12.48,13.12
Flower power 0F48,PI040298AD5I210985,2018-10-02 00:57:18,-1.0,0.1,12.75,12.56
Flower power 0F48,PI040298AD5I210985,2018-10-02 01:12:18,-1.0,0.1,12.88,12.5
Flower power 0F48,PI040298AD5I210985,2018-10-02 01:27:18,-1.0,0.1,12.75,13.28
Flower power 0F48,PI040298AD5I210985,2018-10-02 01:42:18,-1.0,0.1,13.02,13.34
Flower power 0F48,PI040298AD5I210985,2018-10-02 01:57:18,-1.0,0.1,12.62,12.22
Flower power 0F48,PI040298AD5I210985,2018-10-02 02:12:18,-1.0,0.1,12.88,12.33
Flower power 0F48,PI040298AD5I210985,2018-10-02 02:27:18,-1.0,0.1,12.48,11.65
Flower power 0F48,PI040298AD5I210985,2018-10-02 02:42:18,-1.0,0.1,12.75,11.36
Flower power 0F48,PI040298AD5I210985,2018-10-02 02:57:18,-1.0,0.1,12.75,11.59
Flower power 0F48,PI040298AD5I210985,2018-10-02 03:12:18,-1.0,0.1,12.75,11.25
Flower power 0F48,PI040298AD5I210985,2018-10-02 03:27:18,-1.0,0.1,13.02,11.19
Flower power 0F48,PI040298AD5I210985,2018-10-02 03:42:18,-1.0,0.1,12.62,11.25
Flower power 0F48,PI040298AD5I210985,2018-10-02 03:57:18,-1.0,0.1,12.75,10.96
Flower power 0F48,PI040298AD5I210985,2018-10-02 04:12:18,-1.0,0.1,12.88,11.07
Flower power 0F48,PI040298AD5I210985,2018-10-02 04:27:18,-1.0,0.1,12.62,10.66
Flower power 0F48,PI040298AD5I210985,2018-10-02 04:42:18,-1.0,0.1,12.75,11.59
Flower power 0F48,PI040298AD5I210985,2018-10-02 04:57:18,-1.0,0.1,12.75,11.36
Flower power 0F48,PI040298AD5I210985,2018-10-02 05:12:18,-1.0,0.1,12.48,10.78
Flower power 0F48,PI040298AD5I210985,2018-10-02 05:27:18,-1.0,0.1,12.88,10.61
Flower power 0F48,PI040298AD5I210985,2018-10-02 05:42:18,-1.0,0.1,12.75,10.96
Flower power 0F48,PI040298AD5I210985,2018-10-02 05:57:18,-1.0,0.1,12.75,11.13
Flower power 0F48,PI040298AD5I210985,2018-10-02 06:12:18,-1.0,0.1,12.35,10.61
Flower power 0F48,PI040298AD5I210985,2018-10-02 06:27:18,-1.0,0.41,12.88,10.61
Flower power 0F48,PI040298AD5I210985,2018-10-02 06:42:18,-1.0,1.8,13.02,10.72
Flower power 0F48,PI040298AD5I210985,2018-10-02 06:57:18,-1.0,3.88,12.62,11.54
Flower power 0F48,PI040298AD5I210985,2018-10-02 07:12:18,-1.0,5.85,12.75,12.5
Flower power 0F48,PI040298AD5I210985,2018-10-02 07:27:18,-1.0,7.44,12.21,13.45
Flower power 0F48,PI040298AD5I210985,2018-10-02 07:42:18,-1.0,9.6,12.62,15.13
Flower power 0F48,PI040298AD5I210985,2018-10-02 07:57:18,-1.0,19.54,12.21,18.08
Flower power 0F48,PI040298AD5I210985,2018-10-02 08:12:18,-1.0,31.43,12.35,21.6
Flower power 0F48,PI040298AD5I210985,2018-10-02 08:27:18,-1.0,30.72,12.48,26.6
Flower power 0F48,PI040298AD5I210985,2018-10-02 08:42:18,-1.0,54.39,12.21,31.03
Flower power 0F48,PI040298AD5I210985,2018-10-02 08:57:18,-1.0,64.28,12.48,36.23
Flower power 0F48,PI040298AD5I210985,2018-10-02 09:12:18,-1.0,69.19,12.48,40.09
Flower power 0F48,PI040298AD5I210985,2018-10-02 09:27:18,-1.0,70.66,12.62,41.86
Flower power 0F48,PI040298AD5I210985,2018-10-02 09:42:18,-1.0,74.34,12.21,42.72
Flower power 0F48,PI040298AD5I210985,2018-10-02 09:57:18,-1.0,83.61,12.48,46.2
Flower power 0F48,PI040298AD5I210985,2018-10-02 10:12:18,-1.0,90.33,12.35,45.98
Flower power 0F48,PI040298AD5I210985,2018-10-02 10:27:18,-1.0,96.33,12.35,47.24
Flower power 0F48,PI040298AD5I210985,2018-10-02 10:42:18,-1.0,100.12,12.48,49.65
Flower power 0F48,PI040298AD5I210985,2018-10-02 10:57:18,-1.0,100.12,12.75,49.18
Flower power 0F48,PI040298AD5I210985,2018-10-02 11:12:18,-1.0,107.49,12.35,50.24
Flower power 0F48,PI040298AD5I210985,2018-10-02 11:27:18,-1.0,108.63,12.48,49.88
Flower power 0F48,PI040298AD5I210985,2018-10-02 11:42:18,-1.0,110.99,12.62,50.77
Flower power 0F48,PI040298AD5I210985,2018-10-02 11:57:18,-1.0,110.99,12.48,50.59
Flower power 0F48,PI040298AD5I210985,2018-10-02 12:12:18,-1.0,112.2,12.48,49.82
Flower power 0F48,PI040298AD5I210985,2018-10-02 12:27:18,-1.0,110.99,12.62,50.24
Flower power 0F48,PI040298AD5I210985,2018-10-02 12:42:18,-1.0,112.2,12.35,49.65
Flower power 0F48,PI040298AD5I210985,2018-10-02 12:57:18,-1.0,110.99,12.48,49.59
Flower power 0F48,PI040298AD5I210985,2018-10-02 13:12:18,-1.0,109.8,12.62,48.66
Flower power 0F48,PI040298AD5I210985,2018-10-02 13:27:18,-1.0,105.28,12.62,47.64
Flower power 0F48,PI040298AD5I210985,2018-10-02 13:42:18,-1.0,95.43,12.48,43.28
Flower power 0F48,PI040298AD5I210985,2018-10-02 13:57:18,-1.0,91.97,12.62,42.77
Flower power 0F48,PI040298AD5I210985,2018-10-02 14:12:18,-1.0,81.58,12.48,42.26
Flower power 0F48,PI040298AD5I210985,2018-10-02 14:27:18,-1.0,57.9,12.75,39.22
Flower power 0F48,PI040298AD5I210985,2018-10-02 14:42:18,-1.0,42.55,12.75,34.64
Flower power 0F48,PI040298AD5I210985,2018-10-02 14:57:18,-1.0,18.31,12.48,29.75
Flower power 0F48,PI040298AD5I210985,2018-10-02 15:12:18,-1.0,24.97,12.35,28.69
Flower power 0F48,PI040298AD5I210985,2018-10-02 15:27:18,-1.0,14.89,12.48,26.55
Flower power 0F48,PI040298AD5I210985,2018-10-02 15:42:18,-1.0,13.57,12.35,25.56
Flower power 0F48,PI040298AD5I210985,2018-10-02 15:57:18,-1.0,11.91,12.21,24.84
Flower power 0F48,PI040298AD5I210985,2018-10-02 16:12:18,-1.0,11.2,12.62,24.34
Flower power 0F48,PI040298AD5I210985,2018-10-02 16:27:18,-1.0,10.59,12.75,24.06
Flower power 0F48,PI040298AD5I210985,2018-10-02 16:42:18,-1.0,9.58,12.62,23.6
Flower power 0F48,PI040298AD5I210985,2018-10-02 16:57:18,-1.0,8.61,12.62,23.24
Flower power 0F48,PI040298AD5I210985,2018-10-02 17:12:18,-1.0,7.51,12.21,22.68
Flower power 0F48,PI040298AD5I210985,2018-10-02 17:27:18,-1.0,6.25,12.21,22.21
Flower power 0F48,PI040298AD5I210985,2018-10-02 17:42:18,-1.0,4.46,12.48,21.41
Flower power 0F48,PI040298AD5I210985,2018-10-02 17:57:18,-1.0,2.47,12.48,19.92
Flower power 0F48,PI040298AD5I210985,2018-10-02 18:12:18,-1.0,0.72,12.35,17.68
Flower power 0F48,PI040298AD5I210985,2018-10-02 18:27:18,-1.0,0.1,12.48,16.29
Flower power 0F48,PI040298AD5I210985,2018-10-02 18:42:18,-1.0,0.1,12.48,15.61
Flower power 0F48,PI040298AD5I210985,2018-10-02 18:57:18,-1.0,0.1,12.35,15.19
Flower power 0F48,PI040298AD5I210985,2018-10-02 19:12:18,-1.0,0.1,12.21,14.97
Flower power 0F48,PI040298AD5I210985,2018-10-02 19:27:18,-1.0,0.1,12.62,14.81
Flower power 0F48,PI040298AD5I210985,2018-10-02 19:42:18,-1.0,0.1,12.21,14.6
Flower power 0F48,PI040298AD5I210985,2018-10-02 19:57:18,-1.0,0.1,12.35,14.49
Flower power 0F48,PI040298AD5I210985,2018-10-02 20:12:18,-1.0,0.1,12.21,14.43
Flower power 0F48,PI040298AD5I210985,2018-10-02 20:27:18,-1.0,0.1,12.62,14.22
Flower power 0F48,PI040298AD5I210985,2018-10-02 20:42:18,-1.0,0.1,12.35,14.16
Flower power 0F48,PI040298AD5I210985,2018-10-02 20:57:18,-1.0,0.1,12.21,13.95
Flower power 0F48,PI040298AD5I210985,2018-10-02 21:12:18,-1.0,0.1,12.48,13.62
Flower power 0F48,PI040298AD5I210985,2018-10-02 21:27:18,-1.0,0.1,12.35,13.73
Flower power 0F48,PI040298AD5I210985,2018-10-02 21:42:18,-1.0,0.1,12.35,13.51
Flower power 0F48,PI040298AD5I210985,2018-10-02 21:57:18,-1.0,0.1,12.21,13.01
Flower power 0F48,PI040298AD5I210985,2018-10-02 22:12:18,-1.0,0.1,12.35,13.28
Flower power 0F48,PI040298AD5I210985,2018-10-02 22:27:18,-1.0,0.1,12.08,13.06
Flower power 0F48,PI040298AD5I210985,2018-10-02 22:42:18,-1.0,0.1,12.35,12.67
Flower power 0F48,PI040298AD5I210985,2018-10-02 22:57:18,-1.0,0.1,11.94,12.84
Flower power 0F48,PI040298AD5I210985,2018-10-02 23:12:18,-1.0,0.1,12.21,13.12
Flower power 0F48,PI040298AD5I210985,2018-10-02 23:27:18,-1.0,0.1,12.35,12.33
Flower power 0F48,PI040298AD5I210985,2018-10-02 23:42:18,-1.0,0.1,12.48,12.22
Flower power 0F48,PI040298AD5I210985,2018-10-02 23:57:18,-1.0,0.1,12.21,12.9
Flower power 0F48,PI040298AD5I210985,2018-10-03 00:12:18,-1.0,0.1,12.48,12.84
Flower power 0F48,PI040298AD5I210985,2018-10-03 00:27:18,-1.0,0.1,12.21,12.5
Flower power 0F48,PI040298AD5I210985,2018-10-03 00:42:18,-1.0,0.1,12.48,12.78
Flower power 0F48,PI040298AD5I210985,2018-10-03 00:57:18,-1.0,0.1,11.94,12.22
Flower power 0F48,PI040298AD5I210985,2018-10-03 01:12:18,-1.0,0.1,12.48,11.3
Flower power 0F48,PI040298AD5I210985,2018-10-03 01:27:18,-1.0,0.1,12.62,10.72
Flower power 0F48,PI040298AD5I210985,2018-10-03 01:42:18,-1.0,0.1,12.35,10.78
Flower power 0F48,PI040298AD5I210985,2018-10-03 01:57:18,-1.0,0.1,12.62,10.84
Flower power 0F48,PI040298AD5I210985,2018-10-03 02:12:18,-1.0,0.1,12.48,10.78
Flower power 0F48,PI040298AD5I210985,2018-10-03 02:27:18,-1.0,0.1,12.48,10.55
Flower power 0F48,PI040298AD5I210985,2018-10-03 02:42:18,-1.0,0.1,12.21,11.88
Flower power 0F48,PI040298AD5I210985,2018-10-03 02:57:18,-1.0,0.1,12.48,11.19
Flower power 0F48,PI040298AD5I210985,2018-10-03 03:12:18,-1.0,0.1,12.62,10.61
Flower power 0F48,PI040298AD5I210985,2018-10-03 03:27:18,-1.0,0.1,12.35,10.49
Flower power 0F48,PI040298AD5I210985,2018-10-03 03:42:18,-1.0,0.1,12.35,10.55
Flower power 0F48,PI040298AD5I210985,2018-10-03 03:57:18,-1.0,0.1,12.21,10.84
Flower power 0F48,PI040298AD5I210985,2018-10-03 04:12:18,-1.0,0.1,12.48,11.01
Flower power 0F48,PI040298AD5I210985,2018-10-03 04:27:18,-1.0,0.1,12.62,11.01
Flower power 0F48,PI040298AD5I210985,2018-10-03 04:42:18,-1.0,0.1,12.08,11.25
Flower power 0F48,PI040298AD5I210985,2018-10-03 04:57:18,-1.0,0.1,12.08,14.0
Flower power 0F48,PI040298AD5I210985,2018-10-03 05:12:18,-1.0,0.1,12.35,12.45
Flower power 0F48,PI040298AD5I210985,2018-10-03 05:27:18,-1.0,0.1,12.35,11.59
Flower power 0F48,PI040298AD5I210985,2018-10-03 05:42:18,-1.0,0.1,12.62,12.95
Flower power 0F48,PI040298AD5I210985,2018-10-03 05:57:18,-1.0,0.1,12.21,14.97
Flower power 0F48,PI040298AD5I210985,2018-10-03 06:12:18,-1.0,0.1,12.62,14.33
Flower power 0F48,PI040298AD5I210985,2018-10-03 06:27:18,-1.0,0.32,12.08,14.76
Flower power 0F48,PI040298AD5I210985,2018-10-03 06:42:18,-1.0,1.17,12.35,15.61
Flower power 0F48,PI040298AD5I210985,2018-10-03 06:57:18,-1.0,3.39,12.35,17.43
Flower power 0F48,PI040298AD5I210985,2018-10-03 07:12:18,-1.0,6.66,11.94,17.48
Flower power 0F48,PI040298AD5I210985,2018-10-03 07:27:18,-1.0,9.61,12.08,17.58
Flower power 0F48,PI040298AD5I210985,2018-10-03 07:42:18,-1.0,12.05,12.08,18.44
Flower power 0F48,PI040298AD5I210985,2018-10-03 07:57:18,-1.0,17.54,12.48,20.16
Flower power 0F48,PI040298AD5I210985,2018-10-03 08:12:18,-1.0,27.12,12.21,22.26
Flower power 0F48,PI040298AD5I210985,2018-10-03 08:27:18,-1.0,31.12,12.48,26.01
Flower power 0F48,PI040298AD5I210985,2018-10-03 08:42:18,-1.0,55.61,12.08,29.75
Flower power 0F48,PI040298AD5I210985,2018-10-03 08:57:18,-1.0,62.27,12.08,33.11
Flower power 0F48,PI040298AD5I210985,2018-10-03 09:12:18,-1.0,35.9,12.08,30.28
Flower power 0F48,PI040298AD5I210985,2018-10-03 09:27:18,-1.0,70.17,12.08,38.79
Flower power 0F48,PI040298AD5I210985,2018-10-03 09:42:18,-1.0,79.02,12.21,41.02
Flower power 0F48,PI040298AD5I210985,2018-10-03 09:57:18,-1.0,83.61,12.35,43.59
Flower power 0F48,PI040298AD5I210985,2018-10-03 10:12:18,-1.0,77.8,12.08,44.48
Flower power 0F48,PI040298AD5I210985,2018-10-03 10:27:18,-1.0,95.43,11.94,46.58
Flower power 0F48,PI040298AD5I210985,2018-10-03 10:42:18,-1.0,100.12,12.08,47.8
Flower power 0F48,PI040298AD5I210985,2018-10-03 10:57:18,-1.0,104.21,12.21,49.18
Flower power 0F48,PI040298AD5I210985,2018-10-03 11:12:18,-1.0,109.8,12.21,49.88
Flower power 0F48,PI040298AD5I210985,2018-10-03 11:27:18,-1.0,110.99,12.35,50.18
Flower power 0F48,PI040298AD5I210985,2018-10-03 11:42:18,-1.0,114.71,12.21,50.59
Flower power 0F48,PI040298AD5I210985,2018-10-03 11:57:18,-1.0,114.71,12.08,50.18
Flower power 0F48,PI040298AD5I210985,2018-10-03 12:12:18,-1.0,114.71,12.21,50.0
Flower power 0F48,PI040298AD5I210985,2018-10-03 12:27:18,-1.0,113.44,12.21,50.0
Flower power 0F48,PI040298AD5I210985,2018-10-03 12:42:18,-1.0,110.99,12.21,49.24
Flower power 0F48,PI040298AD5I210985,2018-10-03 12:57:18,-1.0,109.8,12.35,48.95
Flower power 0F48,PI040298AD5I210985,2018-10-03 13:12:18,-1.0,109.8,12.21,48.77
Flower power 0F48,PI040298AD5I210985,2018-10-03 13:27:18,-1.0,105.28,12.21,47.41
Flower power 0F48,PI040298AD5I210985,2018-10-03 13:42:18,-1.0,100.12,11.94,42.26
Flower power 0F48,PI040298AD5I210985,2018-10-03 13:57:18,-1.0,96.33,12.48,41.46
Flower power 0F48,PI040298AD5I210985,2018-10-03 14:12:18,-1.0,84.31,11.94,41.21
Flower power 0F48,PI040298AD5I210985,2018-10-03 14:27:18,-1.0,85.74,12.21,40.38
Flower power 0F48,PI040298AD5I210985,2018-10-03 14:42:18,-1.0,20.76,12.48,35.31
Flower power 0F48,PI040298AD5I210985,2018-10-03 14:57:18,-1.0,15.69,12.48,28.42
Flower power 0F48,PI040298AD5I210985,2018-10-03 15:12:18,-1.0,15.53,12.21,26.51
Flower power 0F48,PI040298AD5I210985,2018-10-03 15:27:18,-1.0,13.41,11.94,25.7
Flower power 0F48,PI040298AD5I210985,2018-10-03 15:42:18,-1.0,12.96,12.21,25.25
Flower power 0F48,PI040298AD5I210985,2018-10-03 15:57:18,-1.0,11.97,12.08,24.61
Flower power 0F48,PI040298AD5I210985,2018-10-03 16:12:18,-1.0,11.21,11.81,24.25
Flower power 0F48,PI040298AD5I210985,2018-10-03 16:27:18,-1.0,10.4,12.35,23.88
Flower power 0F48,PI040298AD5I210985,2018-10-03 16:42:18,-1.0,9.4,12.35,23.33
Flower power 0F48,PI040298AD5I210985,2018-10-03 16:57:18,-1.0,8.2,12.08,22.54
Flower power 0F48,PI040298AD5I210985,2018-10-03 17:12:18,-1.0,7.08,12.08,21.79
Flower power 0F48,PI040298AD5I210985,2018-10-03 17:27:18,-1.0,5.8,11.81,21.03
Flower power 0F48,PI040298AD5I210985,2018-10-03 17:42:18,-1.0,4.15,12.35,19.72
Flower power 0F48,PI040298AD5I210985,2018-10-03 17:57:18,-1.0,2.31,12.08,17.98
Flower power 0F48,PI040298AD5I210985,2018-10-03 18:12:18,-1.0,0.73,12.21,16.81
Flower power 0F48,PI040298AD5I210985,2018-10-03 18:27:18,-1.0,0.1,12.08,16.14
Flower power 0F48,PI040298AD5I210985,2018-10-03 18:42:18,-1.0,0.1,11.94,16.5
Flower power 0F48,PI040298AD5I210985,2018-10-03 18:57:18,-1.0,0.1,12.21,18.44
Flower power 0F48,PI040298AD5I210985,2018-10-03 19:12:18,-1.0,0.1,12.35,18.69
Flower power 0F48,PI040298AD5I210985,2018-10-03 19:27:18,-1.0,0.1,11.94,16.86
Flower power 0F48,PI040298AD5I210985,2018-10-03 19:42:18,-1.0,0.1,11.94,15.35
Flower power 0F48,PI040298AD5I210985,2018-10-03 19:57:18,-1.0,0.1,12.48,14.97
Flower power 0F48,PI040298AD5I210985,2018-10-03 20:12:18,-1.0,0.1,11.94,14.65
Flower power 0F48,PI040298AD5I210985,2018-10-03 20:27:18,-1.0,0.1,11.81,14.76
Flower power 0F48,PI040298AD5I210985,2018-10-03 20:42:18,-1.0,0.1,12.08,14.7
Flower power 0F48,PI040298AD5I210985,2018-10-03 20:57:18,-1.0,0.1,11.94,14.49
Flower power 0F48,PI040298AD5I210985,2018-10-03 21:12:18,-1.0,0.1,12.21,14.38
Flower power 0F48,PI040298AD5I210985,2018-10-03 21:27:18,-1.0,0.1,12.08,14.16
Flower power 0F48,PI040298AD5I210985,2018-10-03 21:42:18,-1.0,0.1,12.35,13.89
Flower power 0F48,PI040298AD5I210985,2018-10-03 21:57:18,-1.0,0.1,11.94,13.62
Flower power 0F48,PI040298AD5I210985,2018-10-03 22:12:18,-1.0,0.1,11.68,13.23
Flower power 0F48,PI040298AD5I210985,2018-10-03 22:27:18,-1.0,0.1,11.94,12.62
Flower power 0F48,PI040298AD5I210985,2018-10-03 22:42:18,-1.0,0.1,12.35,12.39
Flower power 0F48,PI040298AD5I210985,2018-10-03 22:57:18,-1.0,0.1,12.21,12.11
Flower power 0F48,PI040298AD5I210985,2018-10-03 23:12:18,-1.0,0.1,12.21,11.88
Flower power 0F48,PI040298AD5I210985,2018-10-03 23:27:18,-1.0,0.1,11.68,11.82
Flower power 0F48,PI040298AD5I210985,2018-10-03 23:42:18,-1.0,0.1,11.94,11.82
Flower power 0F48,PI040298AD5I210985,2018-10-03 23:57:18,-1.0,0.1,11.94,11.71
Flower power 0F48,PI040298AD5I210985,2018-10-04 00:12:18,-1.0,0.1,12.21,11.36
Flower power 0F48,PI040298AD5I210985,2018-10-04 00:27:18,-1.0,0.1,11.81,11.42
Flower power 0F48,PI040298AD5I210985,2018-10-04 00:42:18,-1.0,0.1,12.21,11.13
Flower power 0F48,PI040298AD5I210985,2018-10-04 00:57:18,-1.0,0.1,12.08,10.84
Flower power 0F48,PI040298AD5I210985,2018-10-04 01:12:18,-1.0,0.1,12.08,10.9
Flower power 0F48,PI040298AD5I210985,2018-10-04 01:27:18,-1.0,0.1,12.35,10.72
Flower power 0F48,PI040298AD5I210985,2018-10-04 01:42:18,-1.0,0.1,12.08,10.55
Flower power 0F48,PI040298AD5I210985,2018-10-04 01:57:18,-1.0,0.1,11.94,10.61
Flower power 0F48,PI040298AD5I210985,2018-10-04 02:12:18,-1.0,0.1,12.21,10.61
Flower power 0F48,PI040298AD5I210985,2018-10-04 02:27:18,-1.0,0.1,12.21,10.9
Flower power 0F48,PI040298AD5I210985,2018-10-04 02:42:18,-1.0,0.1,11.81,10.61
Flower power 0F48,PI040298AD5I210985,2018-10-04 02:57:18,-1.0,0.1,11.81,10.72
Flower power 0F48,PI040298AD5I210985,2018-10-04 03:12:18,-1.0,0.1,12.08,10.72
Flower power 0F48,PI040298AD5I210985,2018-10-04 03:27:18,-1.0,0.1,12.35,10.96
Flower power 0F48,PI040298AD5I210985,2018-10-04 03:42:18,-1.0,0.1,12.21,10.72
Flower power 0F48,PI040298AD5I210985,2018-10-04 03:57:18,-1.0,0.1,11.94,10.55
Flower power 0F48,PI040298AD5I210985,2018-10-04 04:12:18,-1.0,0.1,11.81,10.31
Flower power 0F48,PI040298AD5I210985,2018-10-04 04:27:18,-1.0,0.1,12.48,10.37
Flower power 0F48,PI040298AD5I210985,2018-10-04 04:42:18,-1.0,0.1,11.94,10.02
Flower power 0F48,PI040298AD5I210985,2018-10-04 04:57:18,-1.0,0.1,12.08,9.6
Flower power 0F48,PI040298AD5I210985,2018-10-04 05:12:18,-1.0,0.1,12.35,9.54
Flower power 0F48,PI040298AD5I210985,2018-10-04 05:27:18,-1.0,0.1,12.21,9.6
Flower power 0F48,PI040298AD5I210985,2018-10-04 05:42:18,-1.0,0.1,12.21,9.48
Flower power 0F48,PI040298AD5I210985,2018-10-04 05:57:18,-1.0,0.1,11.94,9.42
Flower power 0F48,PI040298AD5I210985,2018-10-04 06:12:18,-1.0,0.1,11.68,9.36
Flower power 0F48,PI040298AD5I210985,2018-10-04 06:27:18,-1.0,0.33,11.94,9.36
Flower power 0F48,PI040298AD5I210985,2018-10-04 06:42:18,-1.0,1.6,12.35,9.72
Flower power 0F48,PI040298AD5I210985,2018-10-04 06:57:18,-1.0,3.38,12.21,10.55
Flower power 0F48,PI040298AD5I210985,2018-10-04 07:12:18,-1.0,4.86,12.48,11.48
Flower power 0F48,PI040298AD5I210985,2018-10-04 07:27:18,-1.0,6.0,12.08,12.56
Flower power 0F48,PI040298AD5I210985,2018-10-04 07:42:18,-1.0,7.33,12.35,14.11
Flower power 0F48,PI040298AD5I210985,2018-10-04 07:57:18,-1.0,18.49,11.81,16.76
Flower power 0F48,PI040298AD5I210985,2018-10-04 08:12:18,-1.0,30.72,12.35,18.98
Flower power 0F48,PI040298AD5I210985,2018-10-04 08:27:18,-1.0,31.95,12.35,22.68
Flower power 0F48,PI040298AD5I210985,2018-10-04 08:42:18,-1.0,58.58,11.81,27.49
Flower power 0F48,PI040298AD5I210985,2018-10-04 08:57:18,-1.0,70.17,12.08,32.98
Flower power 0F48,PI040298AD5I210985,2018-10-04 09:12:18,-1.0,70.17,12.35,36.96
Flower power 0F48,PI040298AD5I210985,2018-10-04 09:27:18,-1.0,68.25,12.35,40.18
Flower power 0F48,PI040298AD5I210985,2018-10-04 09:42:18,-1.0,82.25,13.02,43.13
Flower power 0F48,PI040298AD5I210985,2018-10-04 09:57:18,-1.0,87.98,13.42,45.44
Flower power 0F48,PI040298AD5I210985,2018-10-04 10:12:18,-1.0,81.58,13.69,47.36
Flower power 0F48,PI040298AD5I210985,2018-10-04 10:27:18,-1.0,99.14,13.82,48.66
Flower power 0F48,PI040298AD5I210985,2018-10-04 10:42:18,-1.0,104.21,14.22,51.56
Flower power 0F48,PI040298AD5I210985,2018-10-04 10:57:18,-1.0,85.74,14.22,51.75
Flower power 0F48,PI040298AD5I210985,2018-10-04 11:12:18,-1.0,112.2,14.36,51.93
Flower power 0F48,PI040298AD5I210985,2018-10-04 11:27:18,-1.0,114.71,14.49,53.24
Flower power 0F48,PI040298AD5I210985,2018-10-04 11:42:18,-1.0,116.0,14.62,53.49
Flower power 0F48,PI040298AD5I210985,2018-10-04 11:57:18,-1.0,117.33,14.62,52.61
Flower power 0F48,PI040298AD5I210985,2018-10-04 12:12:18,-1.0,118.68,14.49,52.74
Flower power 0F48,PI040298AD5I210985,2018-10-04 12:27:18,-1.0,118.68,14.36,53.11
Flower power 0F48,PI040298AD5I210985,2018-10-04 12:42:18,-1.0,118.68,14.76,52.8
Flower power 0F48,PI040298AD5I210985,2018-10-04 12:57:18,-1.0,117.33,14.76,52.74
Flower power 0F48,PI040298AD5I210985,2018-10-04 13:12:18,-1.0,114.71,14.76,52.24
Flower power 0F48,PI040298AD5I210985,2018-10-04 13:27:18,-1.0,113.44,15.02,48.77
Flower power 0F48,PI040298AD5I210985,2018-10-04 13:42:18,-1.0,109.8,14.89,43.39
Flower power 0F48,PI040298AD5I210985,2018-10-04 13:57:18,-1.0,105.28,14.62,42.52
Flower power 0F48,PI040298AD5I210985,2018-10-04 14:12:18,-1.0,99.14,14.89,43.49
Flower power 0F48,PI040298AD5I210985,2018-10-04 14:27:18,-1.0,87.98,15.15,42.72
Flower power 0F48,PI040298AD5I210985,2018-10-04 14:42:18,-1.0,16.18,14.62,36.0
Flower power 0F48,PI040298AD5I210985,2018-10-04 14:57:18,-1.0,8.68,15.15,28.02
Flower power 0F48,PI040298AD5I210985,2018-10-04 15:12:18,-1.0,8.51,14.62,25.74
Flower power 0F48,PI040298AD5I210985,2018-10-04 15:27:18,-1.0,8.39,14.49,24.89
Flower power 0F48,PI040298AD5I210985,2018-10-04 15:42:18,-1.0,8.25,14.62,24.43
Flower power 0F48,PI040298AD5I210985,2018-10-04 15:57:18,-1.0,7.87,15.02,23.7
Flower power 0F48,PI040298AD5I210985,2018-10-04 16:12:18,-1.0,7.78,15.15,22.72
Flower power 0F48,PI040298AD5I210985,2018-10-04 16:27:18,-1.0,7.41,14.76,21.79
Flower power 0F48,PI040298AD5I210985,2018-10-04 16:42:18,-1.0,6.93,14.89,20.59
Flower power 0F48,PI040298AD5I210985,2018-10-04 16:57:18,-1.0,6.43,15.15,19.67
Flower power 0F48,PI040298AD5I210985,2018-10-04 17:12:18,-1.0,5.78,14.89,19.08
Flower power 0F48,PI040298AD5I210985,2018-10-04 17:27:18,-1.0,4.89,15.15,17.73
Flower power 0F48,PI040298AD5I210985,2018-10-04 17:42:18,-1.0,3.68,14.76,16.4
Flower power 0F48,PI040298AD5I210985,2018-10-04 17:57:18,-1.0,2.11,14.76,15.4
Flower power 0F48,PI040298AD5I210985,2018-10-04 18:12:18,-1.0,0.61,14.76,14.54
Flower power 0F48,PI040298AD5I210985,2018-10-04 18:27:18,-1.0,0.1,15.02,13.95
Flower power 0F48,PI040298AD5I210985,2018-10-04 18:42:18,-1.0,0.1,15.15,13.28
Flower power 0F48,PI040298AD5I210985,2018-10-04 18:57:18,-1.0,0.1,14.49,12.9
Flower power 0F48,PI040298AD5I210985,2018-10-04 19:12:18,-1.0,0.1,14.89,13.17
Flower power 0F48,PI040298AD5I210985,2018-10-04 19:27:18,-1.0,0.1,14.76,12.45
Flower power 0F48,PI040298AD5I210985,2018-10-04 19:42:18,-1.0,0.1,14.76,12.33
Flower power 0F48,PI040298AD5I210985,2018-10-04 19:57:18,-1.0,0.1,15.15,12.39
Flower power 0F48,PI040298AD5I210985,2018-10-04 20:12:18,-1.0,0.1,15.02,12.45
Flower power 0F48,PI040298AD5I210985,2018-10-04 20:27:18,-1.0,0.1,14.89,12.05
Flower power 0F48,PI040298AD5I210985,2018-10-04 20:42:18,-1.0,0.1,14.62,11.3
Flower power 0F48,PI040298AD5I210985,2018-10-04 20:57:18,-1.0,0.1,15.02,11.19
Flower power 0F48,PI040298AD5I210985,2018-10-04 21:12:18,-1.0,0.1,15.02,11.01
Flower power 0F48,PI040298AD5I210985,2018-10-04 21:27:18,-1.0,0.1,14.89,11.01
Flower power 0F48,PI040298AD5I210985,2018-10-04 21:42:18,-1.0,0.1,15.29,10.84
Flower power 0F48,PI040298AD5I210985,2018-10-04 21:57:18,-1.0,0.1,15.15,11.01
Flower power 0F48,PI040298AD5I210985,2018-10-04 22:12:18,-1.0,0.1,14.62,10.72
Flower power 0F48,PI040298AD5I210985,2018-10-04 22:27:18,-1.0,0.1,15.29,10.49
Flower power 0F48,PI040298AD5I210985,2018-10-04 22:42:18,-1.0,0.1,15.02,10.25
Flower power 0F48,PI040298AD5I210985,2018-10-04 22:57:18,-1.0,0.1,14.76,10.08
Flower power 0F48,PI040298AD5I210985,2018-10-04 23:12:18,-1.0,0.1,15.29,10.08
Flower power 0F48,PI040298AD5I210985,2018-10-04 23:27:18,-1.0,0.1,14.62,10.08
Flower power 0F48,PI040298AD5I210985,2018-10-04 23:42:18,-1.0,0.1,15.29,9.84
Flower power 0F48,PI040298AD5I210985,2018-10-04 23:57:18,-1.0,0.1,15.02,9.72
Flower power 0F48,PI040298AD5I210985,2018-10-05 00:12:18,-1.0,0.1,15.15,9.6
Flower power 0F48,PI040298AD5I210985,2018-10-05 00:27:18,-1.0,0.1,15.02,9.42
Flower power 0F48,PI040298AD5I210985,2018-10-05 00:42:18,-1.0,0.1,14.76,9.6
Flower power 0F48,PI040298AD5I210985,2018-10-05 00:57:18,-1.0,0.1,14.62,9.54
Flower power 0F48,PI040298AD5I210985,2018-10-05 01:12:18,-1.0,0.1,14.76,9.36
Flower power 0F48,PI040298AD5I210985,2018-10-05 01:27:18,-1.0,0.1,14.62,9.3
Flower power 0F48,PI040298AD5I210985,2018-10-05 01:42:18,-1.0,0.1,14.89,9.36
Flower power 0F48,PI040298AD5I210985,2018-10-05 01:57:18,-1.0,0.1,14.62,9.18
Flower power 0F48,PI040298AD5I210985,2018-10-05 02:12:18,-1.0,0.1,15.29,9.06
Flower power 0F48,PI040298AD5I210985,2018-10-05 02:27:18,-1.0,0.1,14.89,9.0
Flower power 0F48,PI040298AD5I210985,2018-10-05 02:42:18,-1.0,0.1,14.76,9.12
Flower power 0F48,PI040298AD5I210985,2018-10-05 02:57:18,-1.0,0.1,14.76,9.0
Flower power 0F48,PI040298AD5I210985,2018-10-05 03:12:18,-1.0,0.1,14.62,9.0
Flower power 0F48,PI040298AD5I210985,2018-10-05 03:27:18,-1.0,0.1,15.02,8.75
Flower power 0F48,PI040298AD5I210985,2018-10-05 03:42:18,-1.0,0.1,14.49,8.39
Flower power 0F48,PI040298AD5I210985,2018-10-05 03:57:18,-1.0,0.1,14.76,8.26
Flower power 0F48,PI040298AD5I210985,2018-10-05 04:12:18,-1.0,0.1,14.89,8.39
Flower power 0F48,PI040298AD5I210985,2018-10-05 04:27:18,-1.0,0.1,14.89,8.2
Flower power 0F48,PI040298AD5I210985,2018-10-05 04:42:18,-1.0,0.1,14.89,8.39
Flower power 0F48,PI040298AD5I210985,2018-10-05 04:57:18,-1.0,0.1,15.02,8.51
Flower power 0F48,PI040298AD5I210985,2018-10-05 05:12:18,-1.0,0.1,14.76,8.57
Flower power 0F48,PI040298AD5I210985,2018-10-05 05:27:18,-1.0,0.1,14.89,8.81
Flower power 0F48,PI040298AD5I210985,2018-10-05 05:42:18,-1.0,0.1,14.89,8.45
Flower power 0F48,PI040298AD5I210985,2018-10-05 05:57:18,-1.0,0.1,14.89,8.14
Flower power 0F48,PI040298AD5I210985,2018-10-05 06:12:18,-1.0,0.1,14.76,7.95
Flower power 0F48,PI040298AD5I210985,2018-10-05 06:27:18,-1.0,0.3,15.15,8.02
Flower power 0F48,PI040298AD5I210985,2018-10-05 06:42:18,-1.0,1.52,15.29,8.45
Flower power 0F48,PI040298AD5I210985,2018-10-05 06:57:18,-1.0,3.27,14.62,9.0
Flower power 0F48,PI040298AD5I210985,2018-10-05 07:12:18,-1.0,4.75,15.02,9.84
Flower power 0F48,PI040298AD5I210985,2018-10-05 07:27:18,-1.0,5.94,14.76,10.9
Flower power 0F48,PI040298AD5I210985,2018-10-05 07:42:18,-1.0,7.17,14.62,12.56
Flower power 0F48,PI040298AD5I210985,2018-10-05 07:57:18,-1.0,31.32,15.15,15.72
Flower power 0F48,PI040298AD5I210985,2018-10-05 08:12:18,-1.0,44.29,14.76,20.11
Flower power 0F48,PI040298AD5I210985,2018-10-05 08:27:18,-1.0,39.92,15.15,25.34
Flower power 0F48,PI040298AD5I210985,2018-10-05 08:42:18,-1.0,64.7,14.89,29.17
Flower power 0F48,PI040298AD5I210985,2018-10-05 08:57:18,-1.0,70.66,14.49,33.65
Flower power 0F48,PI040298AD5I210985,2018-10-05 09:12:18,-1.0,70.66,14.89,38.04
Flower power 0F48,PI040298AD5I210985,2018-10-05 09:27:18,-1.0,58.93,14.76,39.99
Flower power 0F48,PI040298AD5I210985,2018-10-05 09:42:18,-1.0,82.25,14.36,43.18
Flower power 0F48,PI040298AD5I210985,2018-10-05 09:57:18,-1.0,87.98,14.89,44.8
Flower power 0F48,PI040298AD5I210985,2018-10-05 10:12:18,-1.0,94.54,14.36,46.03
Flower power 0F48,PI040298AD5I210985,2018-10-05 10:27:18,-1.0,100.12,14.62,46.3
Flower power 0F48,PI040298AD5I210985,2018-10-05 10:42:18,-1.0,104.21,14.76,47.24
Flower power 0F48,PI040298AD5I210985,2018-10-05 10:57:18,-1.0,108.63,14.22,46.91
Flower power 0F48,PI040298AD5I210985,2018-10-05 11:12:18,-1.0,112.2,14.22,49.24
Flower power 0F48,PI040298AD5I210985,2018-10-05 11:27:18,-1.0,98.19,14.62,49.65
Flower power 0F48,PI040298AD5I210985,2018-10-05 11:42:18,-1.0,116.0,14.49,48.83
Flower power 0F48,PI040298AD5I210985,2018-10-05 11:57:18,-1.0,117.33,14.36,49.59
Flower power 0F48,PI040298AD5I210985,2018-10-05 12:12:18,-1.0,106.38,14.36,48.95
Flower power 0F48,PI040298AD5I210985,2018-10-05 12:27:18,-1.0,117.33,14.36,48.09
Flower power 0F48,PI040298AD5I210985,2018-10-05 12:42:18,-1.0,117.33,14.09,48.09
Flower power 0F48,PI040298AD5I210985,2018-10-05 12:57:18,-1.0,116.0,14.36,48.03
Flower power 0F48,PI040298AD5I210985,2018-10-05 13:12:18,-1.0,113.44,14.62,47.24
Flower power 0F48,PI040298AD5I210985,2018-10-05 13:27:18,-1.0,110.99,14.49,45.33
Flower power 0F48,PI040298AD5I210985,2018-10-05 13:42:18,-1.0,58.93,14.36,39.51
Flower power 0F48,PI040298AD5I210985,2018-10-05 13:57:18,-1.0,103.16,14.49,38.79
Flower power 0F48,PI040298AD5I210985,2018-10-05 14:12:18,-1.0,96.33,14.22,42.21
Flower power 0F48,PI040298AD5I210985,2018-10-05 14:27:18,-1.0,89.53,14.09,40.82
Flower power 0F48,PI040298AD5I210985,2018-10-05 14:42:18,-1.0,16.3,14.36,34.64
Flower power 0F48,PI040298AD5I210985,2018-10-05 14:57:18,-1.0,9.2,14.36,27.8
Flower power 0F48,PI040298AD5I210985,2018-10-05 15:12:18,-1.0,8.82,14.62,25.61
Flower power 0F48,PI040298AD5I210985,2018-10-05 15:27:18,-1.0,8.56,14.49,24.79
Flower power 0F48,PI040298AD5I210985,2018-10-05 15:42:18,-1.0,8.23,14.36,24.38
Flower power 0F48,PI040298AD5I210985,2018-10-05 15:57:18,-1.0,7.98,14.22,23.93
Flower power 0F48,PI040298AD5I210985,2018-10-05 16:12:18,-1.0,7.72,13.95,23.7
Flower power 0F48,PI040298AD5I210985,2018-10-05 16:27:18,-1.0,7.31,14.62,23.33
Flower power 0F48,PI040298AD5I210985,2018-10-05 16:42:18,-1.0,6.92,14.22,23.14
Flower power 0F48,PI040298AD5I210985,2018-10-05 16:57:18,-1.0,6.37,14.22,22.68
Flower power 0F48,PI040298AD5I210985,2018-10-05 17:12:18,-1.0,5.67,14.09,22.26
Flower power 0F48,PI040298AD5I210985,2018-10-05 17:27:18,-1.0,4.78,14.49,21.64
Flower power 0F48,PI040298AD5I210985,2018-10-05 17:42:18,-1.0,3.56,14.09,20.93
Flower power 0F48,PI040298AD5I210985,2018-10-05 17:57:18,-1.0,1.97,14.36,20.11
Flower power 0F48,PI040298AD5I210985,2018-10-05 18:12:18,-1.0,0.46,14.49,17.73
Flower power 0F48,PI040298AD5I210985,2018-10-05 18:27:18,-1.0,0.1,14.09,17.27
Flower power 0F48,PI040298AD5I210985,2018-10-05 18:42:18,-1.0,0.1,14.49,16.24
Flower power 0F48,PI040298AD5I210985,2018-10-05 18:57:18,-1.0,0.1,14.09,15.13
Flower power 0F48,PI040298AD5I210985,2018-10-05 19:12:18,-1.0,0.1,13.95,13.95
Flower power 0F48,PI040298AD5I210985,2018-10-05 19:27:18,-1.0,0.1,14.22,14.05
Flower power 0F48,PI040298AD5I210985,2018-10-05 19:42:18,-1.0,0.1,14.22,13.56
Flower power 0F48,PI040298AD5I210985,2018-10-05 19:57:18,-1.0,0.1,14.22,13.23
Flower power 0F48,PI040298AD5I210985,2018-10-05 20:12:18,-1.0,0.1,13.95,13.06
Flower power 0F48,PI040298AD5I210985,2018-10-05 20:27:18,-1.0,0.1,14.22,12.9
Flower power 0F48,PI040298AD5I210985,2018-10-05 20:42:18,-1.0,0.1,13.82,12.78
Flower power 0F48,PI040298AD5I210985,2018-10-05 20:57:18,-1.0,0.1,14.22,12.73
Flower power 0F48,PI040298AD5I210985,2018-10-05 21:12:18,-1.0,0.1,14.09,12.67
Flower power 0F48,PI040298AD5I210985,2018-10-05 21:27:18,-1.0,0.1,14.09,12.22
Flower power 0F48,PI040298AD5I210985,2018-10-05 21:42:18,-1.0,0.1,13.95,12.39
Flower power 0F48,PI040298AD5I210985,2018-10-05 21:57:18,-1.0,0.1,14.22,12.45
Flower power 0F48,PI040298AD5I210985,2018-10-05 22:12:18,-1.0,0.1,14.22,12.45
Flower power 0F48,PI040298AD5I210985,2018-10-05 22:27:18,-1.0,0.1,13.95,12.39
Flower power 0F48,PI040298AD5I210985,2018-10-05 22:42:18,-1.0,0.1,14.36,12.05
Flower power 0F48,PI040298AD5I210985,2018-10-05 22:57:18,-1.0,0.1,14.22,12.05
Flower power 0F48,PI040298AD5I210985,2018-10-05 23:12:18,-1.0,0.1,13.82,11.88
Flower power 0F48,PI040298AD5I210985,2018-10-05 23:27:18,-1.0,0.1,14.22,12.22
Flower power 0F48,PI040298AD5I210985,2018-10-05 23:42:18,-1.0,0.1,14.36,11.99
Flower power 0F48,PI040298AD5I210985,2018-10-05 23:57:18,-1.0,0.1,14.22,11.88
Flower power 0F48,PI040298AD5I210985,2018-10-06 00:12:18,-1.0,0.1,14.22,12.39
Flower power 0F48,PI040298AD5I210985,2018-10-06 00:27:18,-1.0,0.1,14.09,12.11
Flower power 0F48,PI040298AD5I210985,2018-10-06 00:42:18,-1.0,0.1,13.95,11.88
Flower power 0F48,PI040298AD5I210985,2018-10-06 00:57:18,-1.0,0.1,14.22,11.82
Flower power 0F48,PI040298AD5I210985,2018-10-06 01:12:18,-1.0,0.1,13.82,11.65
Flower power 0F48,PI040298AD5I210985,2018-10-06 01:27:18,-1.0,0.1,14.22,11.71
Flower power 0F48,PI040298AD5I210985,2018-10-06 01:42:18,-1.0,0.1,14.22,11.71
Flower power 0F48,PI040298AD5I210985,2018-10-06 01:57:18,-1.0,0.1,13.95,11.59
Flower power 0F48,PI040298AD5I210985,2018-10-06 02:12:18,-1.0,0.1,13.82,11.59
Flower power 0F48,PI040298AD5I210985,2018-10-06 02:27:18,-1.0,0.1,14.09,11.54
Flower power 0F48,PI040298AD5I210985,2018-10-06 02:42:18,-1.0,0.1,14.09,11.48
Flower power 0F48,PI040298AD5I210985,2018-10-06 02:57:18,-1.0,0.1,13.82,11.3
Flower power 0F48,PI040298AD5I210985,2018-10-06 03:12:18,-1.0,0.1,14.36,11.48
Flower power 0F48,PI040298AD5I210985,2018-10-06 03:27:18,-1.0,0.1,13.95,11.48
Flower power 0F48,PI040298AD5I210985,2018-10-06 03:42:18,-1.0,0.1,14.22,11.36
Flower power 0F48,PI040298AD5I210985,2018-10-06 03:57:18,-1.0,0.1,13.82,11.3
Flower power 0F48,PI040298AD5I210985,2018-10-06 04:12:18,-1.0,0.1,14.36,11.25
Flower power 0F48,PI040298AD5I210985,2018-10-06 04:27:18,-1.0,0.1,14.09,11.42
Flower power 0F48,PI040298AD5I210985,2018-10-06 04:42:18,-1.0,0.1,14.36,11.59
Flower power 0F48,PI040298AD5I210985,2018-10-06 04:57:18,-1.0,0.1,13.82,13.12
Flower power 0F48,PI040298AD5I210985,2018-10-06 05:12:18,-1.0,0.1,13.95,12.9
Flower power 0F48,PI040298AD5I210985,2018-10-06 05:27:18,-1.0,0.1,13.82,12.67
Flower power 0F48,PI040298AD5I210985,2018-10-06 05:42:18,-1.0,0.1,14.09,11.88
Flower power 0F48,PI040298AD5I210985,2018-10-06 05:57:18,-1.0,0.1,13.69,12.05
Flower power 0F48,PI040298AD5I210985,2018-10-06 06:12:18,-1.0,0.1,14.22,12.73
Flower power 0F48,PI040298AD5I210985,2018-10-06 06:27:18,-1.0,0.25,14.22,12.95
Flower power 0F48,PI040298AD5I210985,2018-10-06 06:42:18,-1.0,1.39,14.09,12.9
Flower power 0F48,PI040298AD5I210985,2018-10-06 06:57:18,-1.0,3.26,13.55,14.11
Flower power 0F48,PI040298AD5I210985,2018-10-06 07:12:18,-1.0,5.05,13.69,15.19
Flower power 0F48,PI040298AD5I210985,2018-10-06 07:27:18,-1.0,6.96,14.09,16.24
Flower power 0F48,PI040298AD5I210985,2018-10-06 07:42:18,-1.0,8.93,14.09,17.73
Flower power 0F48,PI040298AD5I210985,2018-10-06 07:57:18,-1.0,23.18,13.69,19.43
Flower power 0F48,PI040298AD5I210985,2018-10-06 08:12:18,-1.0,47.76,13.95,21.79
Flower power 0F48,PI040298AD5I210985,2018-10-06 08:27:18,-1.0,33.76,13.95,26.73
Flower power 0F48,PI040298AD5I210985,2018-10-06 08:42:18,-1.0,34.99,14.09,25.74
Flower power 0F48,PI040298AD5I210985,2018-10-06 08:57:18,-1.0,63.46,13.69,32.27
Flower power 0F48,PI040298AD5I210985,2018-10-06 09:12:18,-1.0,63.87,13.95,36.55
Flower power 0F48,PI040298AD5I210985,2018-10-06 09:27:18,-1.0,64.28,13.95,39.65
Flower power 0F48,PI040298AD5I210985,2018-10-06 09:42:18,-1.0,80.28,14.09,41.46
Flower power 0F48,PI040298AD5I210985,2018-10-06 09:57:18,-1.0,86.47,13.42,43.85
Flower power 0F48,PI040298AD5I210985,2018-10-06 10:12:18,-1.0,63.06,14.09,40.43
Flower power 0F48,PI040298AD5I210985,2018-10-06 10:27:18,-1.0,63.87,13.69,39.08
Flower power 0F48,PI040298AD5I210985,2018-10-06 10:42:18,-1.0,122.93,13.55,42.77
Flower power 0F48,PI040298AD5I210985,2018-10-06 10:57:18,-1.0,90.33,13.55,46.25
Flower power 0F48,PI040298AD5I210985,2018-10-06 11:12:18,-1.0,117.33,13.95,42.11
Flower power 0F48,PI040298AD5I210985,2018-10-06 11:27:18,-1.0,48.96,13.69,43.9
Flower power 0F48,PI040298AD5I210985,2018-10-06 11:42:18,-1.0,116.0,13.55,47.47
Flower power 0F48,PI040298AD5I210985,2018-10-06 11:57:18,-1.0,107.49,13.95,48.43
Flower power 0F48,PI040298AD5I210985,2018-10-06 12:12:18,-1.0,114.71,13.69,48.89
Flower power 0F48,PI040298AD5I210985,2018-10-06 12:27:18,-1.0,113.44,13.82,49.94
Flower power 0F48,PI040298AD5I210985,2018-10-06 12:42:18,-1.0,112.2,13.42,48.2
Flower power 0F48,PI040298AD5I210985,2018-10-06 12:57:18,-1.0,112.2,13.29,47.13
Flower power 0F48,PI040298AD5I210985,2018-10-06 13:12:18,-1.0,109.8,13.42,46.8
Flower power 0F48,PI040298AD5I210985,2018-10-06 13:27:18,-1.0,105.28,13.69,44.48
Flower power 0F48,PI040298AD5I210985,2018-10-06 13:42:18,-1.0,102.12,13.29,39.46
Flower power 0F48,PI040298AD5I210985,2018-10-06 13:57:18,-1.0,98.19,13.29,40.14
Flower power 0F48,PI040298AD5I210985,2018-10-06 14:12:18,-1.0,91.14,13.55,41.51
Flower power 0F48,PI040298AD5I210985,2018-10-06 14:27:18,-1.0,84.31,13.69,40.87
Flower power 0F48,PI040298AD5I210985,2018-10-06 14:42:18,-1.0,16.77,13.42,34.64
Flower power 0F48,PI040298AD5I210985,2018-10-06 14:57:18,-1.0,13.08,13.82,28.51
Flower power 0F48,PI040298AD5I210985,2018-10-06 15:12:18,-1.0,12.02,13.42,26.19
Flower power 0F48,PI040298AD5I210985,2018-10-06 15:27:18,-1.0,11.38,13.69,25.43
Flower power 0F48,PI040298AD5I210985,2018-10-06 15:42:18,-1.0,10.98,13.29,25.11
Flower power 0F48,PI040298AD5I210985,2018-10-06 15:57:18,-1.0,10.19,13.55,24.75
Flower power 0F48,PI040298AD5I210985,2018-10-06 16:12:18,-1.0,10.08,13.82,24.48
Flower power 0F48,PI040298AD5I210985,2018-10-06 16:27:18,-1.0,9.65,13.82,24.16
Flower power 0F48,PI040298AD5I210985,2018-10-06 16:42:18,-1.0,9.17,13.29,23.93
Flower power 0F48,PI040298AD5I210985,2018-10-06 16:57:18,-1.0,8.11,13.55,23.56
Flower power 0F48,PI040298AD5I210985,2018-10-06 17:12:18,-1.0,6.96,13.42,23.1
Flower power 0F48,PI040298AD5I210985,2018-10-06 17:27:18,-1.0,5.5,13.69,22.44
Flower power 0F48,PI040298AD5I210985,2018-10-06 17:42:18,-1.0,3.67,13.29,21.07
Flower power 0F48,PI040298AD5I210985,2018-10-06 17:57:18,-1.0,1.75,13.55,20.26
Flower power 0F48,PI040298AD5I210985,2018-10-06 18:12:18,-1.0,0.42,13.82,20.11
Flower power 0F48,PI040298AD5I210985,2018-10-06 18:27:18,-1.0,0.1,13.42,19.53
Flower power 0F48,PI040298AD5I210985,2018-10-06 18:42:18,-1.0,0.1,13.42,19.23
Flower power 0F48,PI040298AD5I210985,2018-10-06 18:57:18,-1.0,0.1,13.55,18.69
Flower power 0F48,PI040298AD5I210985,2018-10-06 19:12:18,-1.0,0.1,13.29,17.73
Flower power 0F48,PI040298AD5I210985,2018-10-06 19:27:18,-1.0,0.1,13.29,17.17
Flower power 0F48,PI040298AD5I210985,2018-10-06 19:42:18,-1.0,0.1,13.69,16.55
Flower power 0F48,PI040298AD5I210985,2018-10-06 19:57:18,-1.0,0.1,13.55,15.4
Flower power 0F48,PI040298AD5I210985,2018-10-06 20:12:18,-1.0,0.1,13.15,16.03
Flower power 0F48,PI040298AD5I210985,2018-10-06 20:27:18,-1.0,0.1,13.42,14.97
Flower power 0F48,PI040298AD5I210985,2018-10-06 20:42:18,-1.0,0.1,13.42,15.45
Flower power 0F48,PI040298AD5I210985,2018-10-06 20:57:18,-1.0,0.1,13.29,14.65
Flower power 0F48,PI040298AD5I210985,2018-10-06 21:12:18,-1.0,0.1,13.42,15.35
Flower power 0F48,PI040298AD5I210985,2018-10-06 21:27:18,-1.0,0.1,13.69,14.6
Flower power 0F48,PI040298AD5I210985,2018-10-06 21:42:18,-1.0,0.1,13.42,14.11
Flower power 0F48,PI040298AD5I210985,2018-10-06 21:57:18,-1.0,0.1,13.29,12.95
Flower power 0F48,PI040298AD5I210985,2018-10-06 22:12:18,-1.0,0.1,13.42,12.62
Flower power 0F48,PI040298AD5I210985,2018-10-06 22:27:18,-1.0,0.1,13.42,12.67
Flower power 0F48,PI040298AD5I210985,2018-10-06 22:42:18,-1.0,0.1,13.15,12.67
Flower power 0F48,PI040298AD5I210985,2018-10-06 22:57:18,-1.0,0.1,13.42,12.39
Flower power 0F48,PI040298AD5I210985,2018-10-06 23:12:18,-1.0,0.1,13.29,12.16
Flower power 0F48,PI040298AD5I210985,2018-10-06 23:27:18,-1.0,0.1,13.02,12.22
Flower power 0F48,PI040298AD5I210985,2018-10-06 23:42:18,-1.0,0.1,13.55,11.54
Flower power 0F48,PI040298AD5I210985,2018-10-06 23:57:18,-1.0,0.1,13.29,11.71
Flower power 0F48,PI040298AD5I210985,2018-10-07 00:12:18,-1.0,0.1,13.29,11.42
Flower power 0F48,PI040298AD5I210985,2018-10-07 00:27:18,-1.0,0.1,13.42,11.3
Flower power 0F48,PI040298AD5I210985,2018-10-07 00:42:18,-1.0,0.1,13.69,11.3
Flower power 0F48,PI040298AD5I210985,2018-10-07 00:57:18,-1.0,0.1,13.42,11.13
Flower power 0F48,PI040298AD5I210985,2018-10-07 01:12:18,-1.0,0.1,13.15,11.25
Flower power 0F48,PI040298AD5I210985,2018-10-07 01:27:18,-1.0,0.1,13.42,11.3
Flower power 0F48,PI040298AD5I210985,2018-10-07 01:42:18,-1.0,0.1,13.15,11.59
Flower power 0F48,PI040298AD5I210985,2018-10-07 01:57:18,-1.0,0.1,13.69,11.48
Flower power 0F48,PI040298AD5I210985,2018-10-07 02:12:18,-1.0,0.1,13.42,11.54
Flower power 0F48,PI040298AD5I210985,2018-10-07 02:27:18,-1.0,0.1,13.55,11.54
Flower power 0F48,PI040298AD5I210985,2018-10-07 02:42:18,-1.0,0.1,13.55,10.96
Flower power 0F48,PI040298AD5I210985,2018-10-07 02:57:18,-1.0,0.1,13.15,10.37
Flower power 0F48,PI040298AD5I210985,2018-10-07 03:12:18,-1.0,0.1,13.55,10.49
Flower power 0F48,PI040298AD5I210985,2018-10-07 03:27:18,-1.0,0.1,13.69,10.43
Flower power 0F48,PI040298AD5I210985,2018-10-07 03:42:18,-1.0,0.1,13.42,10.02
Flower power 0F48,PI040298AD5I210985,2018-10-07 03:57:18,-1.0,0.1,13.02,10.08
Flower power 0F48,PI040298AD5I210985,2018-10-07 04:12:18,-1.0,0.1,13.29,9.9
Flower power 0F48,PI040298AD5I210985,2018-10-07 04:27:18,-1.0,0.1,13.15,9.84
Flower power 0F48,PI040298AD5I210985,2018-10-07 04:42:18,-1.0,0.1,13.69,9.72
Flower power 0F48,PI040298AD5I210985,2018-10-07 04:57:18,-1.0,0.1,13.55,9.18
Flower power 0F48,PI040298AD5I210985,2018-10-07 05:12:18,-1.0,0.1,13.15,9.0
Flower power 0F48,PI040298AD5I210985,2018-10-07 05:27:18,-1.0,0.1,13.42,9.24
Flower power 0F48,PI040298AD5I210985,2018-10-07 05:42:18,-1.0,0.1,13.42,9.12
Flower power 0F48,PI040298AD5I210985,2018-10-07 05:57:18,-1.0,0.1,13.29,9.12
Flower power 0F48,PI040298AD5I210985,2018-10-07 06:12:18,-1.0,0.1,13.42,9.12
Flower power 0F48,PI040298AD5I210985,2018-10-07 06:27:18,-1.0,0.22,12.88,9.54
Flower power 0F48,PI040298AD5I210985,2018-10-07 06:42:18,-1.0,1.32,13.42,9.84
Flower power 0F48,PI040298AD5I210985,2018-10-07 06:57:18,-1.0,3.26,13.42,11.01
Flower power 0F48,PI040298AD5I210985,2018-10-07 07:12:18,-1.0,5.15,13.02,11.65
Flower power 0F48,PI040298AD5I210985,2018-10-07 07:27:18,-1.0,6.81,13.15,12.56
Flower power 0F48,PI040298AD5I210985,2018-10-07 07:42:18,-1.0,8.53,13.29,13.51
Flower power 0F48,PI040298AD5I210985,2018-10-07 07:57:18,-1.0,19.02,13.29,15.66
Flower power 0F48,PI040298AD5I210985,2018-10-07 08:12:18,-1.0,44.09,13.29,18.49
Flower power 0F48,PI040298AD5I210985,2018-10-07 08:27:18,-1.0,32.06,13.29,23.33
Flower power 0F48,PI040298AD5I210985,2018-10-07 08:42:18,-1.0,59.29,13.02,28.11
Flower power 0F48,PI040298AD5I210985,2018-10-07 08:57:18,-1.0,67.78,13.55,31.65
Flower power 0F48,PI040298AD5I210985,2018-10-07 09:12:18,-1.0,59.29,13.29,34.45
Flower power 0F48,PI040298AD5I210985,2018-10-07 09:27:18,-1.0,59.64,13.02,37.52
Flower power 0F48,PI040298AD5I210985,2018-10-07 09:42:18,-1.0,78.4,13.15,40.97
Flower power 0F48,PI040298AD5I210985,2018-10-07 09:57:18,-1.0,82.92,12.88,43.7
Flower power 0F48,PI040298AD5I210985,2018-10-07 10:12:18,-1.0,89.53,13.29,45.71
Flower power 0F48,PI040298AD5I210985,2018-10-07 10:27:18,-1.0,79.64,13.15,47.75
Flower power 0F48,PI040298AD5I210985,2018-10-07 10:42:18,-1.0,100.12,13.15,50.53
Flower power 0F48,PI040298AD5I210985,2018-10-07 10:57:18,-1.0,105.28,13.02,49.65
Flower power 0F48,PI040298AD5I210985,2018-10-07 11:12:18,-1.0,109.8,12.88,50.83
Flower power 0F48,PI040298AD5I210985,2018-10-07 11:27:18,-1.0,110.99,13.15,50.71
Flower power 0F48,PI040298AD5I210985,2018-10-07 11:42:18,-1.0,108.63,12.75,49.18
Flower power 0F48,PI040298AD5I210985,2018-10-07 11:57:18,-1.0,114.71,12.75,52.24
Flower power 0F48,PI040298AD5I210985,2018-10-07 12:12:18,-1.0,116.0,12.62,51.08
Flower power 0F48,PI040298AD5I210985,2018-10-07 12:27:18,-1.0,114.71,13.15,52.11
Flower power 0F48,PI040298AD5I210985,2018-10-07 12:42:18,-1.0,114.71,12.62,50.65
Flower power 0F48,PI040298AD5I210985,2018-10-07 12:57:18,-1.0,114.71,13.02,49.47
Flower power 0F48,PI040298AD5I210985,2018-10-07 13:12:18,-1.0,112.2,12.75,50.06
Flower power 0F48,PI040298AD5I210985,2018-10-07 13:27:18,-1.0,108.63,13.02,45.76
Flower power 0F48,PI040298AD5I210985,2018-10-07 13:42:18,-1.0,105.28,12.88,41.16
Flower power 0F48,PI040298AD5I210985,2018-10-07 13:57:18,-1.0,96.33,12.75,40.77
Flower power 0F48,PI040298AD5I210985,2018-10-07 14:12:18,-1.0,85.74,12.88,40.14
Flower power 0F48,PI040298AD5I210985,2018-10-07 14:27:18,-1.0,91.14,12.88,38.7
Flower power 0F48,PI040298AD5I210985,2018-10-07 14:42:18,-1.0,18.05,12.88,29.57
Flower power 0F48,PI040298AD5I210985,2018-10-07 14:57:18,-1.0,9.38,13.02,24.79
Flower power 0F48,PI040298AD5I210985,2018-10-07 15:12:18,-1.0,9.01,12.75,23.42
Flower power 0F48,PI040298AD5I210985,2018-10-07 15:27:18,-1.0,8.64,12.62,22.49
Flower power 0F48,PI040298AD5I210985,2018-10-07 15:42:18,-1.0,8.57,12.88,22.12
Flower power 0F48,PI040298AD5I210985,2018-10-07 15:57:18,-1.0,7.83,12.75,21.64
Flower power 0F48,PI040298AD5I210985,2018-10-07 16:12:18,-1.0,7.53,12.88,21.07
Flower power 0F48,PI040298AD5I210985,2018-10-07 16:27:18,-1.0,8.46,12.48,20.69
Flower power 0F48,PI040298AD5I210985,2018-10-07 16:42:18,-1.0,6.42,12.88,20.64
Flower power 0F48,PI040298AD5I210985,2018-10-07 16:57:18,-1.0,5.86,12.88,20.16
Flower power 0F48,PI040298AD5I210985,2018-10-07 17:12:18,-1.0,5.2,12.75,19.43
Flower power 0F48,PI040298AD5I210985,2018-10-07 17:27:18,-1.0,4.29,12.88,18.74
Flower power 0F48,PI040298AD5I210985,2018-10-07 17:42:18,-1.0,3.12,12.48,17.78
Flower power 0F48,PI040298AD5I210985,2018-10-07 17:57:18,-1.0,1.44,12.75,16.55
Flower power 0F48,PI040298AD5I210985,2018-10-07 18:12:18,-1.0,0.28,12.75,15.93
Flower power 0F48,PI040298AD5I210985,2018-10-07 18:27:18,-1.0,0.1,13.02,15.29
Flower power 0F48,PI040298AD5I210985,2018-10-07 18:42:18,-1.0,0.1,12.88,15.82
Flower power 0F48,PI040298AD5I210985,2018-10-07 18:57:18,-1.0,0.1,12.35,15.03
Flower power 0F48,PI040298AD5I210985,2018-10-07 19:12:18,-1.0,0.1,12.48,14.43
Flower power 0F48,PI040298AD5I210985,2018-10-07 19:27:18,-1.0,0.1,12.62,15.13
Flower power 0F48,PI040298AD5I210985,2018-10-07 19:42:18,-1.0,0.1,12.48,15.19
Flower power 0F48,PI040298AD5I210985,2018-10-07 19:57:18,-1.0,0.1,12.62,15.03
Flower power 0F48,PI040298AD5I210985,2018-10-07 20:12:18,-1.0,0.1,12.75,14.0
Flower power 0F48,PI040298AD5I210985,2018-10-07 20:27:18,-1.0,0.1,12.88,12.28
Flower power 0F48,PI040298AD5I210985,2018-10-07 20:42:18,-1.0,0.1,12.88,12.33
Flower power 0F48,PI040298AD5I210985,2018-10-07 20:57:18,-1.0,0.1,12.88,12.56
Flower power 0F48,PI040298AD5I210985,2018-10-07 21:12:18,-1.0,0.1,12.62,13.12
Flower power 0F48,PI040298AD5I210985,2018-10-07 21:27:18,-1.0,0.1,12.35,13.73
Flower power 0F48,PI040298AD5I210985,2018-10-07 21:42:18,-1.0,0.1,12.48,13.01
Flower power 0F48,PI040298AD5I210985,2018-10-07 21:57:18,-1.0,0.1,12.48,13.89
Flower power 0F48,PI040298AD5I210985,2018-10-07 22:12:18,-1.0,0.1,12.48,13.51
Flower power 0F48,PI040298AD5I210985,2018-10-07 22:27:18,-1.0,0.1,12.75,13.78
Flower power 0F48,PI040298AD5I210985,2018-10-07 22:42:18,-1.0,0.1,12.48,13.45
Flower power 0F48,PI040298AD5I210985,2018-10-07 22:57:18,-1.0,0.1,12.75,13.12
Flower power 0F48,PI040298AD5I210985,2018-10-07 23:12:18,-1.0,0.1,13.02,12.39
Flower power 0F48,PI040298AD5I210985,2018-10-07 23:27:18,-1.0,0.1,12.75,11.36
Flower power 0F48,PI040298AD5I210985,2018-10-07 23:42:18,-1.0,0.1,12.88,9.66
Flower power 0F48,PI040298AD5I210985,2018-10-07 23:57:18,-1.0,0.1,12.62,9.96
Flower power 0F48,PI040298AD5I210985,2018-10-08 00:12:18,-1.0,0.1,12.88,8.87
Flower power 0F48,PI040298AD5I210985,2018-10-08 00:27:18,-1.0,0.1,12.88,7.83
Flower power 0F48,PI040298AD5I210985,2018-10-08 00:42:18,-1.0,0.1,12.35,7.58
Flower power 0F48,PI040298AD5I210985,2018-10-08 00:57:18,-1.0,0.1,12.88,7.64
Flower power 0F48,PI040298AD5I210985,2018-10-08 01:12:18,-1.0,0.1,12.75,7.7
Flower power 0F48,PI040298AD5I210985,2018-10-08 01:27:18,-1.0,0.1,12.62,7.2
Flower power 0F48,PI040298AD5I210985,2018-10-08 01:42:18,-1.0,0.1,12.75,7.2
Flower power 0F48,PI040298AD5I210985,2018-10-08 01:57:18,-1.0,0.1,12.62,7.14
Flower power 0F48,PI040298AD5I210985,2018-10-08 02:12:18,-1.0,0.1,12.62,6.63
Flower power 0F48,PI040298AD5I210985,2018-10-08 02:27:18,-1.0,0.1,12.75,6.89
Flower power 0F48,PI040298AD5I210985,2018-10-08 02:42:18,-1.0,0.1,12.88,6.44
Flower power 0F48,PI040298AD5I210985,2018-10-08 02:57:18,-1.0,0.1,12.62,5.86
Flower power 0F48,PI040298AD5I210985,2018-10-08 03:12:18,-1.0,0.1,12.75,5.47
Flower power 0F48,PI040298AD5I210985,2018-10-08 03:27:18,-1.0,0.1,13.02,5.34
Flower power 0F48,PI040298AD5I210985,2018-10-08 03:42:18,-1.0,0.1,12.75,5.28
Flower power 0F48,PI040298AD5I210985,2018-10-08 03:57:18,-1.0,0.1,12.48,5.01
Flower power 0F48,PI040298AD5I210985,2018-10-08 04:12:18,-1.0,0.1,12.88,5.54
Flower power 0F48,PI040298AD5I210985,2018-10-08 04:27:18,-1.0,0.1,13.02,5.86
Flower power 0F48,PI040298AD5I210985,2018-10-08 04:42:18,-1.0,0.1,12.62,5.28
Flower power 0F48,PI040298AD5I210985,2018-10-08 04:57:18,-1.0,0.1,12.75,4.81
Flower power 0F48,PI040298AD5I210985,2018-10-08 05:12:18,-1.0,0.1,12.88,4.42
Flower power 0F48,PI040298AD5I210985,2018-10-08 05:27:18,-1.0,0.1,12.88,4.62
Flower power 0F48,PI040298AD5I210985,2018-10-08 05:42:18,-1.0,0.1,12.88,5.34
Flower power 0F48,PI040298AD5I210985,2018-10-08 05:57:18,-1.0,0.1,13.02,5.54
Flower power 0F48,PI040298AD5I210985,2018-10-08 06:12:18,-1.0,0.1,12.62,5.54
Flower power 0F48,PI040298AD5I210985,2018-10-08 06:27:18,-1.0,0.19,12.75,5.21
Flower power 0F48,PI040298AD5I210985,2018-10-08 06:42:18,-1.0,1.25,12.62,6.57
Flower power 0F48,PI040298AD5I210985,2018-10-08 06:57:18,-1.0,2.94,12.48,6.89
Flower power 0F48,PI040298AD5I210985,2018-10-08 07:12:18,-1.0,4.43,12.62,8.08
Flower power 0F48,PI040298AD5I210985,2018-10-08 07:27:18,-1.0,5.76,12.75,8.81
Flower power 0F48,PI040298AD5I210985,2018-10-08 07:42:18,-1.0,7.2,12.62,10.02
Flower power 0F48,PI040298AD5I210985,2018-10-08 07:57:18,-1.0,10.72,12.62,12.95
Flower power 0F48,PI040298AD5I210985,2018-10-08 08:12:18,-1.0,36.45,12.75,15.98
Flower power 0F48,PI040298AD5I210985,2018-10-08 08:27:18,-1.0,50.47,12.48,19.77
Flower power 0F48,PI040298AD5I210985,2018-10-08 08:42:18,-1.0,61.49,12.35,24.79
Flower power 0F48,PI040298AD5I210985,2018-10-08 08:57:18,-1.0,69.19,12.35,27.44
Flower power 0F48,PI040298AD5I210985,2018-10-08 09:12:18,-1.0,67.33,12.21,32.13
Flower power 0F48,PI040298AD5I210985,2018-10-08 09:27:18,-1.0,61.49,12.62,36.0
Flower power 0F48,PI040298AD5I210985,2018-10-08 09:42:18,-1.0,80.92,12.62,39.08
Flower power 0F48,PI040298AD5I210985,2018-10-08 09:57:18,-1.0,86.47,12.62,43.28
Flower power 0F48,PI040298AD5I210985,2018-10-08 10:12:18,-1.0,91.14,12.48,43.8
Flower power 0F48,PI040298AD5I210985,2018-10-08 10:27:18,-1.0,96.33,12.62,45.87
Flower power 0F48,PI040298AD5I210985,2018-10-08 10:42:18,-1.0,101.11,12.62,47.13
Flower power 0F48,PI040298AD5I210985,2018-10-08 10:57:18,-1.0,95.43,12.48,48.03
Flower power 0F48,PI040298AD5I210985,2018-10-08 11:12:18,-1.0,109.8,12.48,49.0
Flower power 0F48,PI040298AD5I210985,2018-10-08 11:27:18,-1.0,112.2,12.48,48.77
Flower power 0F48,PI040298AD5I210985,2018-10-08 11:42:18,-1.0,114.71,12.35,49.24
Flower power 0F48,PI040298AD5I210985,2018-10-08 11:57:18,-1.0,116.0,12.35,49.94
Flower power 0F48,PI040298AD5I210985,2018-10-08 12:12:18,-1.0,117.33,12.35,48.83
Flower power 0F48,PI040298AD5I210985,2018-10-08 12:27:18,-1.0,116.0,12.35,50.53
Flower power 0F48,PI040298AD5I210985,2018-10-08 12:42:18,-1.0,114.71,12.21,49.3
Flower power 0F48,PI040298AD5I210985,2018-10-08 12:57:18,-1.0,113.44,12.48,47.8
Flower power 0F48,PI040298AD5I210985,2018-10-08 13:12:18,-1.0,112.2,12.75,48.54
Flower power 0F48,PI040298AD5I210985,2018-10-08 13:27:18,-1.0,108.63,12.48,45.06
Flower power 0F48,PI040298AD5I210985,2018-10-08 13:42:18,-1.0,106.38,12.08,39.41
Flower power 0F48,PI040298AD5I210985,2018-10-08 13:57:18,-1.0,100.12,12.08,39.6
Flower power 0F48,PI040298AD5I210985,2018-10-08 14:12:18,-1.0,91.14,12.35,42.92
Flower power 0F48,PI040298AD5I210985,2018-10-08 14:27:18,-1.0,91.14,12.35,41.71
Flower power 0F48,PI040298AD5I210985,2018-10-08 14:42:18,-1.0,18.13,12.35,32.67
Flower power 0F48,PI040298AD5I210985,2018-10-08 14:57:18,-1.0,7.95,12.08,25.88
Flower power 0F48,PI040298AD5I210985,2018-10-08 15:12:18,-1.0,7.75,12.35,23.37
Flower power 0F48,PI040298AD5I210985,2018-10-08 15:27:18,-1.0,7.53,12.35,22.4
Flower power 0F48,PI040298AD5I210985,2018-10-08 15:42:18,-1.0,7.39,12.08,21.97
Flower power 0F48,PI040298AD5I210985,2018-10-08 15:57:18,-1.0,7.13,12.75,21.36
Flower power 0F48,PI040298AD5I210985,2018-10-08 16:12:18,-1.0,6.9,12.35,21.22
Flower power 0F48,PI040298AD5I210985,2018-10-08 16:27:18,-1.0,6.79,12.21,20.59
Flower power 0F48,PI040298AD5I210985,2018-10-08 16:42:18,-1.0,6.23,12.35,20.35
Flower power 0F48,PI040298AD5I210985,2018-10-08 16:57:18,-1.0,5.75,12.35,19.87
Flower power 0F48,PI040298AD5I210985,2018-10-08 17:12:18,-1.0,5.17,12.48,19.33
Flower power 0F48,PI040298AD5I210985,2018-10-08 17:27:18,-1.0,4.29,12.48,18.59
Flower power 0F48,PI040298AD5I210985,2018-10-08 17:42:18,-1.0,3.07,12.48,17.63
Flower power 0F48,PI040298AD5I210985,2018-10-08 17:57:18,-1.0,1.5,12.48,15.87
Flower power 0F48,PI040298AD5I210985,2018-10-08 18:12:18,-1.0,0.29,12.35,14.92
Flower power 0F48,PI040298AD5I210985,2018-10-08 18:27:18,-1.0,0.1,12.48,13.28
Flower power 0F48,PI040298AD5I210985,2018-10-08 18:42:18,-1.0,0.1,11.94,12.22
Flower power 0F48,PI040298AD5I210985,2018-10-08 18:57:18,-1.0,0.1,12.35,13.23
Flower power 0F48,PI040298AD5I210985,2018-10-08 19:12:18,-1.0,0.1,12.62,12.5
Flower power 0F48,PI040298AD5I210985,2018-10-08 19:27:18,-1.0,0.1,12.21,12.16
Flower power 0F48,PI040298AD5I210985,2018-10-08 19:42:18,-1.0,0.1,12.08,11.99
Flower power 0F48,PI040298AD5I210985,2018-10-08 19:57:18,-1.0,0.1,12.08,12.56
Flower power 0F48,PI040298AD5I210985,2018-10-08 20:12:18,-1.0,0.1,12.35,12.11
Flower power 0F48,PI040298AD5I210985,2018-10-08 20:27:18,-1.0,0.1,12.21,12.05
Flower power 0F48,PI040298AD5I210985,2018-10-08 20:42:18,-1.0,0.1,12.62,11.54
Flower power 0F48,PI040298AD5I210985,2018-10-08 20:57:18,-1.0,0.1,12.35,11.36
Flower power 0F48,PI040298AD5I210985,2018-10-08 21:12:18,-1.0,0.1,12.08,10.37
Flower power 0F48,PI040298AD5I210985,2018-10-08 21:27:18,-1.0,0.1,12.21,9.24
Flower power 0F48,PI040298AD5I210985,2018-10-08 21:42:18,-1.0,0.1,12.35,9.78
Flower power 0F48,PI040298AD5I210985,2018-10-08 21:57:18,-1.0,0.1,12.08,10.43
Flower power 0F48,PI040298AD5I210985,2018-10-08 22:12:18,-1.0,0.1,12.21,9.6
Flower power 0F48,PI040298AD5I210985,2018-10-08 22:27:18,-1.0,0.1,12.62,9.9
Flower power 0F48,PI040298AD5I210985,2018-10-08 22:42:18,-1.0,0.1,12.21,9.78
Flower power 0F48,PI040298AD5I210985,2018-10-08 22:57:18,-1.0,0.1,12.62,9.42
Flower power 0F48,PI040298AD5I210985,2018-10-08 23:12:18,-1.0,0.1,12.08,9.18
Flower power 0F48,PI040298AD5I210985,2018-10-08 23:27:18,-1.0,0.1,12.62,9.06
Flower power 0F48,PI040298AD5I210985,2018-10-08 23:42:18,-1.0,0.1,12.62,8.69
Flower power 0F48,PI040298AD5I210985,2018-10-08 23:57:18,-1.0,0.1,12.21,8.81
Flower power 0F48,PI040298AD5I210985,2018-10-09 00:12:18,-1.0,0.1,12.08,8.08
Flower power 0F48,PI040298AD5I210985,2018-10-09 00:27:18,-1.0,0.1,11.94,7.64
Flower power 0F48,PI040298AD5I210985,2018-10-09 00:42:18,-1.0,0.1,12.62,7.45
Flower power 0F48,PI040298AD5I210985,2018-10-09 00:57:18,-1.0,0.1,12.35,7.45
Flower power 0F48,PI040298AD5I210985,2018-10-09 01:12:18,-1.0,0.1,12.48,7.39
Flower power 0F48,PI040298AD5I210985,2018-10-09 01:27:18,-1.0,0.1,12.62,7.58
Flower power 0F48,PI040298AD5I210985,2018-10-09 01:42:18,-1.0,0.1,12.62,7.83
Flower power 0F48,PI040298AD5I210985,2018-10-09 01:57:18,-1.0,0.1,12.08,7.2
Flower power 0F48,PI040298AD5I210985,2018-10-09 02:12:18,-1.0,0.1,12.62,6.7
Flower power 0F48,PI040298AD5I210985,2018-10-09 02:27:18,-1.0,0.1,12.08,6.76
Flower power 0F48,PI040298AD5I210985,2018-10-09 02:42:18,-1.0,0.1,12.21,6.76
Flower power 0F48,PI040298AD5I210985,2018-10-09 02:57:18,-1.0,0.1,11.94,6.51
Flower power 0F48,PI040298AD5I210985,2018-10-09 03:12:18,-1.0,0.1,12.48,6.25
Flower power 0F48,PI040298AD5I210985,2018-10-09 03:27:18,-1.0,0.1,12.21,6.19
Flower power 0F48,PI040298AD5I210985,2018-10-09 03:42:18,-1.0,0.1,12.48,6.25
Flower power 0F48,PI040298AD5I210985,2018-10-09 03:57:18,-1.0,0.1,12.62,6.12
Flower power 0F48,PI040298AD5I210985,2018-10-09 04:12:18,-1.0,0.1,12.35,6.12
Flower power 0F48,PI040298AD5I210985,2018-10-09 04:27:18,-1.0,0.1,12.62,6.44
Flower power 0F48,PI040298AD5I210985,2018-10-09 04:42:18,-1.0,0.1,12.08,6.12
Flower power 0F48,PI040298AD5I210985,2018-10-09 04:57:18,-1.0,0.1,12.35,5.99
Flower power 0F48,PI040298AD5I210985,2018-10-09 05:12:18,-1.0,0.1,12.08,5.99
Flower power 0F48,PI040298AD5I210985,2018-10-09 05:27:18,-1.0,0.1,12.08,6.19
Flower power 0F48,PI040298AD5I210985,2018-10-09 05:42:18,-1.0,0.1,12.08,5.93
Flower power 0F48,PI040298AD5I210985,2018-10-09 05:57:18,-1.0,0.1,12.35,5.54
Flower power 0F48,PI040298AD5I210985,2018-10-09 06:12:18,-1.0,0.1,12.35,5.34
Flower power 0F48,PI040298AD5I210985,2018-10-09 06:27:18,-1.0,0.14,12.35,5.54
Flower power 0F48,PI040298AD5I210985,2018-10-09 06:42:18,-1.0,1.09,12.62,6.06
Flower power 0F48,PI040298AD5I210985,2018-10-09 06:57:18,-1.0,2.81,12.08,6.63
Flower power 0F48,PI040298AD5I210985,2018-10-09 07:12:18,-1.0,4.45,12.35,7.45
Flower power 0F48,PI040298AD5I210985,2018-10-09 07:27:18,-1.0,5.85,12.21,8.57
Flower power 0F48,PI040298AD5I210985,2018-10-09 07:42:18,-1.0,7.24,12.62,10.13
Flower power 0F48,PI040298AD5I210985,2018-10-09 07:57:18,-1.0,8.54,12.62,12.73
Flower power 0F48,PI040298AD5I210985,2018-10-09 08:12:18,-1.0,32.17,12.21,14.92
Flower power 0F48,PI040298AD5I210985,2018-10-09 08:27:18,-1.0,52.08,12.08,18.44
Flower power 0F48,PI040298AD5I210985,2018-10-09 08:42:18,-1.0,49.45,12.48,23.83
Flower power 0F48,PI040298AD5I210985,2018-10-09 08:57:18,-1.0,63.87,12.35,27.22
Flower power 0F48,PI040298AD5I210985,2018-10-09 09:12:18,-1.0,71.17,12.35,31.12
Flower power 0F48,PI040298AD5I210985,2018-10-09 09:27:18,-1.0,59.64,12.21,34.77
Flower power 0F48,PI040298AD5I210985,2018-10-09 09:42:18,-1.0,79.64,12.35,37.71
Flower power 0F48,PI040298AD5I210985,2018-10-09 09:57:18,-1.0,84.31,11.94,41.21
Flower power 0F48,PI040298AD5I210985,2018-10-09 10:12:18,-1.0,89.53,12.08,42.67
Flower power 0F48,PI040298AD5I210985,2018-10-09 10:27:18,-1.0,94.54,12.21,44.85
Flower power 0F48,PI040298AD5I210985,2018-10-09 10:42:18,-1.0,100.12,12.08,44.69
Flower power 0F48,PI040298AD5I210985,2018-10-09 10:57:18,-1.0,95.43,12.35,45.82
Flower power 0F48,PI040298AD5I210985,2018-10-09 11:12:18,-1.0,108.63,12.35,47.19
Flower power 0F48,PI040298AD5I210985,2018-10-09 11:27:18,-1.0,109.8,12.35,48.77
Flower power 0F48,PI040298AD5I210985,2018-10-09 11:42:18,-1.0,112.2,12.21,48.83
Flower power 0F48,PI040298AD5I210985,2018-10-09 11:57:18,-1.0,113.44,12.21,47.86
Flower power 0F48,PI040298AD5I210985,2018-10-09 12:12:18,-1.0,114.71,12.08,48.09
Flower power 0F48,PI040298AD5I210985,2018-10-09 12:27:18,-1.0,114.71,11.94,47.69
Flower power 0F48,PI040298AD5I210985,2018-10-09 12:42:18,-1.0,112.2,12.08,47.97
Flower power 0F48,PI040298AD5I210985,2018-10-09 12:57:18,-1.0,112.2,12.21,47.92
Flower power 0F48,PI040298AD5I210985,2018-10-09 13:12:18,-1.0,108.63,11.94,46.8
Flower power 0F48,PI040298AD5I210985,2018-10-09 13:27:18,-1.0,105.28,11.81,40.82
Flower power 0F48,PI040298AD5I210985,2018-10-09 13:42:18,-1.0,66.87,11.94,35.59
Flower power 0F48,PI040298AD5I210985,2018-10-09 13:57:18,-1.0,91.97,12.08,36.41
Flower power 0F48,PI040298AD5I210985,2018-10-09 14:12:18,-1.0,86.47,12.35,39.75
Flower power 0F48,PI040298AD5I210985,2018-10-09 14:27:18,-1.0,87.98,12.08,38.65
Flower power 0F48,PI040298AD5I210985,2018-10-09 14:42:18,-1.0,14.29,12.08,31.6
Flower power 0F48,PI040298AD5I210985,2018-10-09 14:57:18,-1.0,9.27,12.21,24.75
Flower power 0F48,PI040298AD5I210985,2018-10-09 15:12:18,-1.0,8.85,12.35,23.24
Flower power 0F48,PI040298AD5I210985,2018-10-09 15:27:18,-1.0,8.55,12.21,22.63
Flower power 0F48,PI040298AD5I210985,2018-10-09 15:42:18,-1.0,8.24,12.08,22.07
Flower power 0F48,PI040298AD5I210985,2018-10-09 15:57:18,-1.0,7.96,12.35,21.74
Flower power 0F48,PI040298AD5I210985,2018-10-09 16:12:18,-1.0,7.84,12.21,21.36
Flower power 0F48,PI040298AD5I210985,2018-10-09 16:27:18,-1.0,7.38,12.08,20.93
Flower power 0F48,PI040298AD5I210985,2018-10-09 16:42:18,-1.0,6.95,12.21,20.55
Flower power 0F48,PI040298AD5I210985,2018-10-09 16:57:18,-1.0,6.34,11.81,19.96
Flower power 0F48,PI040298AD5I210985,2018-10-09 17:12:18,-1.0,5.56,12.21,19.23
Flower power 0F48,PI040298AD5I210985,2018-10-09 17:27:18,-1.0,4.46,12.21,18.59
Flower power 0F48,PI040298AD5I210985,2018-10-09 17:42:18,-1.0,3.1,12.35,17.53
Flower power 0F48,PI040298AD5I210985,2018-10-09 17:57:18,-1.0,1.36,12.08,16.55
Flower power 0F48,PI040298AD5I210985,2018-10-09 18:12:18,-1.0,0.24,12.08,15.08
Flower power 0F48,PI040298AD5I210985,2018-10-09 18:27:18,-1.0,0.1,12.21,13.56
Flower power 0F48,PI040298AD5I210985,2018-10-09 18:42:18,-1.0,0.1,11.81,12.62
Flower power 0F48,PI040298AD5I210985,2018-10-09 18:57:18,-1.0,0.1,12.48,11.88
Flower power 0F48,PI040298AD5I210985,2018-10-09 19:12:18,-1.0,0.1,12.08,11.42
Flower power 0F48,PI040298AD5I210985,2018-10-09 19:27:18,-1.0,0.1,12.48,11.19
Flower power 0F48,PI040298AD5I210985,2018-10-09 19:42:18,-1.0,0.1,11.81,11.07
Flower power 0F48,PI040298AD5I210985,2018-10-09 19:57:18,-1.0,0.1,12.08,10.84
Flower power 0F48,PI040298AD5I210985,2018-10-09 20:12:18,-1.0,0.1,11.94,10.55
Flower power 0F48,PI040298AD5I210985,2018-10-09 20:27:18,-1.0,0.1,11.81,10.49
Flower power 0F48,PI040298AD5I210985,2018-10-09 20:42:18,-1.0,0.1,12.08,10.55
Flower power 0F48,PI040298AD5I210985,2018-10-09 20:57:18,-1.0,0.1,12.48,10.19
Flower power 0F48,PI040298AD5I210985,2018-10-09 21:12:18,-1.0,0.1,11.94,10.02
Flower power 0F48,PI040298AD5I210985,2018-10-09 21:27:18,-1.0,0.1,11.94,9.96
Flower power 0F48,PI040298AD5I210985,2018-10-09 21:42:18,-1.0,0.1,12.21,10.02
Flower power 0F48,PI040298AD5I210985,2018-10-09 21:57:18,-1.0,0.1,12.21,9.78
Flower power 0F48,PI040298AD5I210985,2018-10-09 22:12:18,-1.0,0.1,11.68,12.05
Flower power 0F48,PI040298AD5I210985,2018-10-09 22:27:18,-1.0,0.1,11.94,12.11
Flower power 0F48,PI040298AD5I210985,2018-10-09 22:42:18,-1.0,0.1,12.21,12.45
Flower power 0F48,PI040298AD5I210985,2018-10-09 22:57:18,-1.0,0.1,12.08,14.38
Flower power 0F48,PI040298AD5I210985,2018-10-09 23:12:18,-1.0,0.1,12.21,14.87
Flower power 0F48,PI040298AD5I210985,2018-10-09 23:27:18,-1.0,0.1,11.68,14.38
Flower power 0F48,PI040298AD5I210985,2018-10-09 23:42:18,-1.0,0.1,12.08,13.62
Flower power 0F48,PI040298AD5I210985,2018-10-09 23:57:18,-1.0,0.1,12.21,13.56
Flower power 0F48,PI040298AD5I210985,2018-10-10 00:12:18,-1.0,0.1,11.81,11.71
Flower power 0F48,PI040298AD5I210985,2018-10-10 00:27:18,-1.0,0.1,11.94,14.05
Flower power 0F48,PI040298AD5I210985,2018-10-10 00:42:18,-1.0,0.1,11.81,15.03
Flower power 0F48,PI040298AD5I210985,2018-10-10 00:57:18,-1.0,0.1,12.35,15.61
Flower power 0F48,PI040298AD5I210985,2018-10-10 01:12:18,-1.0,0.1,11.94,15.82
Flower power 0F48,PI040298AD5I210985,2018-10-10 01:27:18,-1.0,0.1,12.21,15.56
Flower power 0F48,PI040298AD5I210985,2018-10-10 01:42:18,-1.0,0.1,12.35,16.08
Flower power 0F48,PI040298AD5I210985,2018-10-10 01:57:18,-1.0,0.1,11.94,16.08
Flower power 0F48,PI040298AD5I210985,2018-10-10 02:12:18,-1.0,0.1,11.81,16.08
Flower power 0F48,PI040298AD5I210985,2018-10-10 02:27:18,-1.0,0.1,12.21,16.6
Flower power 0F48,PI040298AD5I210985,2018-10-10 02:42:18,-1.0,0.1,12.21,16.76
Flower power 0F48,PI040298AD5I210985,2018-10-10 02:57:18,-1.0,0.1,12.35,16.81
Flower power 0F48,PI040298AD5I210985,2018-10-10 03:12:18,-1.0,0.1,12.21,16.91
Flower power 0F48,PI040298AD5I210985,2018-10-10 03:27:18,-1.0,0.1,11.94,16.97
Flower power 0F48,PI040298AD5I210985,2018-10-10 03:42:18,-1.0,0.1,12.08,16.97
Flower power 0F48,PI040298AD5I210985,2018-10-10 03:57:18,-1.0,0.1,11.94,17.17
Flower power 0F48,PI040298AD5I210985,2018-10-10 04:12:18,-1.0,0.1,11.81,17.12
Flower power 0F48,PI040298AD5I210985,2018-10-10 04:27:18,-1.0,0.1,11.68,17.27
Flower power 0F48,PI040298AD5I210985,2018-10-10 04:42:18,-1.0,0.1,11.81,17.43
Flower power 0F48,PI040298AD5I210985,2018-10-10 04:57:18,-1.0,0.1,12.08,17.53
Flower power 0F48,PI040298AD5I210985,2018-10-10 05:12:18,-1.0,0.1,11.81,17.63
Flower power 0F48,PI040298AD5I210985,2018-10-10 05:27:18,-1.0,0.1,11.81,17.53
Flower power 0F48,PI040298AD5I210985,2018-10-10 05:42:18,-1.0,0.1,12.21,17.27
Flower power 0F48,PI040298AD5I210985,2018-10-10 05:57:18,-1.0,0.1,12.21,16.29
Flower power 0F48,PI040298AD5I210985,2018-10-10 06:12:18,-1.0,0.1,12.08,15.87
Flower power 0F48,PI040298AD5I210985,2018-10-10 06:27:18,-1.0,0.1,11.94,16.71
Flower power 0F48,PI040298AD5I210985,2018-10-10 06:42:18,-1.0,0.61,12.21,17.12
Flower power 0F48,PI040298AD5I210985,2018-10-10 06:57:18,-1.0,1.77,12.21,17.43
Flower power 0F48,PI040298AD5I210985,2018-10-10 07:12:18,-1.0,4.59,12.21,17.63
Flower power 0F48,PI040298AD5I210985,2018-10-10 07:27:18,-1.0,8.79,12.08,17.93
Flower power 0F48,PI040298AD5I210985,2018-10-10 07:42:18,-1.0,8.58,11.81,19.92
Flower power 0F48,PI040298AD5I210985,2018-10-10 07:57:18,-1.0,10.18,12.21,20.79
Flower power 0F48,PI040298AD5I210985,2018-10-10 08:12:18,-1.0,15.74,12.08,21.97
Flower power 0F48,PI040298AD5I210985,2018-10-10 08:27:18,-1.0,14.75,11.81,23.56
Flower power 0F48,PI040298AD5I210985,2018-10-10 08:42:18,-1.0,20.58,11.68,24.61
Flower power 0F48,PI040298AD5I210985,2018-10-10 08:57:18,-1.0,19.62,12.08,25.56
Flower power 0F48,PI040298AD5I210985,2018-10-10 09:12:18,-1.0,18.56,11.81,24.98
Flower power 0F48,PI040298AD5I210985,2018-10-10 09:27:18,-1.0,33.17,12.21,27.89
Flower power 0F48,PI040298AD5I210985,2018-10-10 09:42:18,-1.0,37.01,12.21,28.91
Flower power 0F48,PI040298AD5I210985,2018-10-10 09:57:18,-1.0,43.7,11.94,30.28
Flower power 0F48,PI040298AD5I210985,2018-10-10 10:12:18,-1.0,45.75,12.35,32.4
Flower power 0F48,PI040298AD5I210985,2018-10-10 10:27:18,-1.0,54.39,12.21,33.74
Flower power 0F48,PI040298AD5I210985,2018-10-10 10:42:18,-1.0,52.36,11.94,34.14
Flower power 0F48,PI040298AD5I210985,2018-10-10 10:57:18,-1.0,52.08,12.35,33.74
Flower power 0F48,PI040298AD5I210985,2018-10-10 11:12:18,-1.0,79.64,12.35,37.71
Flower power 0F48,PI040298AD5I210985,2018-10-10 11:27:18,-1.0,67.78,11.68,39.27
Flower power 0F48,PI040298AD5I210985,2018-10-10 11:42:18,-1.0,82.25,12.08,37.94
Flower power 0F48,PI040298AD5I210985,2018-10-10 11:57:18,-1.0,74.34,12.08,39.03
Flower power 0F48,PI040298AD5I210985,2018-10-10 12:12:18,-1.0,61.88,12.21,36.27
Flower power 0F48,PI040298AD5I210985,2018-10-10 12:27:18,-1.0,74.89,11.94,51.5
Flower power 0F48,PI040298AD5I210985,2018-10-10 12:42:18,-1.0,64.28,11.81,42.06
Flower power 0F48,PI040298AD5I210985,2018-10-10 12:57:18,-1.0,132.37,12.21,51.38
Flower power 0F48,PI040298AD5I210985,2018-10-10 13:12:18,-1.0,121.48,12.08,49.35
Flower power 0F48,PI040298AD5I210985,2018-10-10 13:27:18,-1.0,112.2,12.08,46.25
Flower power 0F48,PI040298AD5I210985,2018-10-10 13:42:18,-1.0,51.26,11.81,36.69
Flower power 0F48,PI040298AD5I210985,2018-10-10 13:57:18,-1.0,45.53,12.21,35.09
Flower power 0F48,PI040298AD5I210985,2018-10-10 14:12:18,-1.0,39.92,11.81,32.53
Flower power 0F48,PI040298AD5I210985,2018-10-10 14:27:18,-1.0,41.46,12.21,31.87
Flower power 0F48,PI040298AD5I210985,2018-10-10 14:42:18,-1.0,35.38,12.08,31.03
Flower power 0F48,PI040298AD5I210985,2018-10-10 14:57:18,-1.0,32.39,12.35,31.34
Flower power 0F48,PI040298AD5I210985,2018-10-10 15:12:18,-1.0,29.57,11.81,30.32
Flower power 0F48,PI040298AD5I210985,2018-10-10 15:27:18,-1.0,18.9,12.21,28.91
Flower power 0F48,PI040298AD5I210985,2018-10-10 15:42:18,-1.0,15.04,11.94,26.64
Flower power 0F48,PI040298AD5I210985,2018-10-10 15:57:18,-1.0,15.37,11.68,26.19
Flower power 0F48,PI040298AD5I210985,2018-10-10 16:12:18,-1.0,10.47,11.68,25.25
Flower power 0F48,PI040298AD5I210985,2018-10-10 16:27:18,-1.0,10.25,12.21,25.02
Flower power 0F48,PI040298AD5I210985,2018-10-10 16:42:18,-1.0,8.25,11.68,24.66
Flower power 0F48,PI040298AD5I210985,2018-10-10 16:57:18,-1.0,8.19,12.08,23.93
Flower power 0F48,PI040298AD5I210985,2018-10-10 17:12:18,-1.0,3.76,12.21,23.37
Flower power 0F48,PI040298AD5I210985,2018-10-10 17:27:18,-1.0,1.86,12.08,22.58
Flower power 0F48,PI040298AD5I210985,2018-10-10 17:42:18,-1.0,1.27,11.81,22.12
Flower power 0F48,PI040298AD5I210985,2018-10-10 17:57:18,-1.0,0.28,12.08,21.69
Flower power 0F48,PI040298AD5I210985,2018-10-10 18:12:18,-1.0,0.1,11.94,21.26
Flower power 0F48,PI040298AD5I210985,2018-10-10 18:27:18,-1.0,0.1,12.21,20.79
Flower power 0F48,PI040298AD5I210985,2018-10-10 18:42:18,-1.0,0.1,12.35,19.67
Flower power 0F48,PI040298AD5I210985,2018-10-10 18:57:18,-1.0,0.1,12.35,19.43
Flower power 0F48,PI040298AD5I210985,2018-10-10 19:12:18,-1.0,0.1,12.21,19.28
Flower power 0F48,PI040298AD5I210985,2018-10-10 19:27:18,-1.0,0.1,11.94,19.18
Flower power 0F48,PI040298AD5I210985,2018-10-10 19:42:18,-1.0,0.1,12.21,19.23
Flower power 0F48,PI040298AD5I210985,2018-10-10 19:57:18,-1.0,0.1,12.08,19.18
Flower power 0F48,PI040298AD5I210985,2018-10-10 20:12:18,-1.0,0.1,11.68,18.59
Flower power 0F48,PI040298AD5I210985,2018-10-10 20:27:18,-1.0,0.1,11.68,17.88
Flower power 0F48,PI040298AD5I210985,2018-10-10 20:42:18,-1.0,0.1,12.35,18.54
Flower power 0F48,PI040298AD5I210985,2018-10-10 20:57:18,-1.0,0.1,12.21,18.39
Flower power 0F48,PI040298AD5I210985,2018-10-10 21:12:18,-1.0,0.1,12.08,17.48
Flower power 0F48,PI040298AD5I210985,2018-10-10 21:27:18,-1.0,0.1,12.08,15.72
Flower power 0F48,PI040298AD5I210985,2018-10-10 21:42:18,-1.0,0.1,12.08,16.86
Flower power 0F48,PI040298AD5I210985,2018-10-10 21:57:18,-1.0,0.1,11.94,18.19
Flower power 0F48,PI040298AD5I210985,2018-10-10 22:12:18,-1.0,0.1,12.08,18.59
Flower power 0F48,PI040298AD5I210985,2018-10-10 22:27:18,-1.0,0.1,12.08,18.74
Flower power 0F48,PI040298AD5I210985,2018-10-10 22:42:18,-1.0,0.1,12.35,18.78
Flower power 0F48,PI040298AD5I210985,2018-10-10 22:57:18,-1.0,0.1,12.08,18.93
Flower power 0F48,PI040298AD5I210985,2018-10-10 23:12:18,-1.0,0.1,12.21,18.83
Flower power 0F48,PI040298AD5I210985,2018-10-10 23:27:18,-1.0,0.1,12.08,19.03
Flower power 0F48,PI040298AD5I210985,2018-10-10 23:42:18,-1.0,0.1,11.94,19.18
Flower power 0F48,PI040298AD5I210985,2018-10-10 23:57:18,-1.0,0.1,11.94,19.23
Flower power 0F48,PI040298AD5I210985,2018-10-11 00:12:18,-1.0,0.1,11.81,19.28
Flower power 0F48,PI040298AD5I210985,2018-10-11 00:27:18,-1.0,0.1,11.81,18.98
Flower power 0F48,PI040298AD5I210985,2018-10-11 00:42:18,-1.0,0.1,12.08,19.08
Flower power 0F48,PI040298AD5I210985,2018-10-11 00:57:18,-1.0,0.1,12.21,19.13
Flower power 0F48,PI040298AD5I210985,2018-10-11 01:12:18,-1.0,0.1,12.08,18.98
Flower power 0F48,PI040298AD5I210985,2018-10-11 01:27:18,-1.0,0.1,11.94,18.83
Flower power 0F48,PI040298AD5I210985,2018-10-11 01:42:18,-1.0,0.1,11.81,18.83
Flower power 0F48,PI040298AD5I210985,2018-10-11 01:57:18,-1.0,0.1,12.08,18.49
Flower power 0F48,PI040298AD5I210985,2018-10-11 02:12:18,-1.0,0.1,12.21,17.48
Flower power 0F48,PI040298AD5I210985,2018-10-11 02:27:18,-1.0,0.1,11.94,18.08
Flower power 0F48,PI040298AD5I210985,2018-10-11 02:42:18,-1.0,0.1,12.21,17.38
Flower power 0F48,PI040298AD5I210985,2018-10-11 02:57:18,-1.0,0.1,12.35,17.48
Flower power 0F48,PI040298AD5I210985,2018-10-11 03:12:18,-1.0,0.1,12.21,17.48
Flower power 0F48,PI040298AD5I210985,2018-10-11 03:27:18,-1.0,0.1,12.21,17.88
Flower power 0F48,PI040298AD5I210985,2018-10-11 03:42:18,-1.0,0.1,12.35,18.19
Flower power 0F48,PI040298AD5I210985,2018-10-11 03:57:18,-1.0,0.1,12.21,18.24
Flower power 0F48,PI040298AD5I210985,2018-10-11 04:12:18,-1.0,0.1,12.08,17.68
Flower power 0F48,PI040298AD5I210985,2018-10-11 04:27:18,-1.0,0.1,11.94,15.72
Flower power 0F48,PI040298AD5I210985,2018-10-11 04:42:18,-1.0,0.1,12.08,14.22
Flower power 0F48,PI040298AD5I210985,2018-10-11 04:57:18,-1.0,0.1,11.68,13.78
Flower power 0F48,PI040298AD5I210985,2018-10-11 05:12:18,-1.0,0.1,11.94,13.73
Flower power 0F48,PI040298AD5I210985,2018-10-11 05:27:18,-1.0,0.1,11.68,13.45
Flower power 0F48,PI040298AD5I210985,2018-10-11 05:42:18,-1.0,0.1,12.35,13.28
Flower power 0F48,PI040298AD5I210985,2018-10-11 05:57:18,-1.0,0.1,11.68,12.95
Flower power 0F48,PI040298AD5I210985,2018-10-11 06:12:18,-1.0,0.1,11.81,12.78
Flower power 0F48,PI040298AD5I210985,2018-10-11 06:27:18,-1.0,0.1,12.21,12.9
Flower power 0F48,PI040298AD5I210985,2018-10-11 06:42:18,-1.0,0.56,11.81,12.9
Flower power 0F48,PI040298AD5I210985,2018-10-11 06:57:18,-1.0,1.51,12.35,14.27
Flower power 0F48,PI040298AD5I210985,2018-10-11 07:12:18,-1.0,2.77,12.21,16.86
Flower power 0F48,PI040298AD5I210985,2018-10-11 07:27:18,-1.0,3.82,11.94,16.14
Flower power 0F48,PI040298AD5I210985,2018-10-11 07:42:18,-1.0,7.1,12.48,16.91
Flower power 0F48,PI040298AD5I210985,2018-10-11 07:57:18,-1.0,10.13,12.21,19.67
Flower power 0F48,PI040298AD5I210985,2018-10-11 08:12:18,-1.0,4.97,12.62,19.67
Flower power 0F48,PI040298AD5I210985,2018-10-11 08:27:18,-1.0,6.93,12.88,20.69
Flower power 0F48,PI040298AD5I210985,2018-10-11 08:42:18,-1.0,7.42,12.75,21.26
Flower power 0F48,PI040298AD5I210985,2018-10-11 08:57:18,-1.0,15.77,13.15,21.64
Flower power 0F48,PI040298AD5I210985,2018-10-11 09:12:18,-1.0,5.44,13.15,21.74
Flower power 0F48,PI040298AD5I210985,2018-10-11 09:27:18,-1.0,35.9,13.02,23.6
Flower power 0F48,PI040298AD5I210985,2018-10-11 09:42:18,-1.0,40.42,13.15,25.47
Flower power 0F48,PI040298AD5I210985,2018-10-11 09:57:18,-1.0,36.59,13.42,26.42
Flower power 0F48,PI040298AD5I210985,2018-10-11 10:12:18,-1.0,28.51,13.15,26.55
Flower power 0F48,PI040298AD5I210985,2018-10-11 10:27:18,-1.0,21.98,13.02,26.1
Flower power 0F48,PI040298AD5I210985,2018-10-11 10:42:18,-1.0,27.68,13.29,25.25
Flower power 0F48,PI040298AD5I210985,2018-10-11 10:57:18,-1.0,33.88,13.29,26.46
Flower power 0F48,PI040298AD5I210985,2018-10-11 11:12:18,-1.0,50.21,13.69,28.29
Flower power 0F48,PI040298AD5I210985,2018-10-11 11:27:18,-1.0,48.96,13.42,28.77
Flower power 0F48,PI040298AD5I210985,2018-10-11 11:42:18,-1.0,39.27,13.29,26.55
Flower power 0F48,PI040298AD5I210985,2018-10-11 11:57:18,-1.0,49.96,13.55,29.79
Flower power 0F48,PI040298AD5I210985,2018-10-11 12:12:18,-1.0,60.0,13.95,31.82
Flower power 0F48,PI040298AD5I210985,2018-10-11 12:27:18,-1.0,74.34,13.69,35.81
Flower power 0F48,PI040298AD5I210985,2018-10-11 12:42:18,-1.0,79.02,13.55,36.87
Flower power 0F48,PI040298AD5I210985,2018-10-11 12:57:18,-1.0,66.87,13.82,34.5
Flower power 0F48,PI040298AD5I210985,2018-10-11 13:12:18,-1.0,66.43,13.82,33.96
Flower power 0F48,PI040298AD5I210985,2018-10-11 13:27:18,-1.0,70.66,13.82,36.59
Flower power 0F48,PI040298AD5I210985,2018-10-11 13:42:18,-1.0,54.99,14.09,34.36
Flower power 0F48,PI040298AD5I210985,2018-10-11 13:57:18,-1.0,69.68,13.95,35.86
Flower power 0F48,PI040298AD5I210985,2018-10-11 14:12:18,-1.0,58.58,14.22,34.77
Flower power 0F48,PI040298AD5I210985,2018-10-11 14:27:18,-1.0,51.53,13.55,35.0
Flower power 0F48,PI040298AD5I210985,2018-10-11 14:42:18,-1.0,52.92,13.82,34.14
Flower power 0F48,PI040298AD5I210985,2018-10-11 14:57:18,-1.0,25.17,14.09,31.12
Flower power 0F48,PI040298AD5I210985,2018-10-11 15:12:18,-1.0,37.88,13.82,31.82
Flower power 0F48,PI040298AD5I210985,2018-10-11 15:27:18,-1.0,35.51,13.95,31.03
Flower power 0F48,PI040298AD5I210985,2018-10-11 15:42:18,-1.0,29.3,13.69,29.39
Flower power 0F48,PI040298AD5I210985,2018-10-11 15:57:18,-1.0,19.5,14.09,28.42
Flower power 0F48,PI040298AD5I210985,2018-10-11 16:12:18,-1.0,19.42,14.22,27.8
Flower power 0F48,PI040298AD5I210985,2018-10-11 16:27:18,-1.0,15.09,14.09,26.78
Flower power 0F48,PI040298AD5I210985,2018-10-11 16:42:18,-1.0,17.85,14.09,27.22
Flower power 0F48,PI040298AD5I210985,2018-10-11 16:57:18,-1.0,12.6,13.95,26.82
Flower power 0F48,PI040298AD5I210985,2018-10-11 17:12:18,-1.0,6.3,13.69,25.29
Flower power 0F48,PI040298AD5I210985,2018-10-11 17:27:18,-1.0,3.95,13.82,23.74
Flower power 0F48,PI040298AD5I210985,2018-10-11 17:42:18,-1.0,1.47,13.95,22.82
Flower power 0F48,PI040298AD5I210985,2018-10-11 17:57:18,-1.0,0.64,14.22,22.16
Flower power 0F48,PI040298AD5I210985,2018-10-11 18:12:18,-1.0,0.1,13.69,21.31
Flower power 0F48,PI040298AD5I210985,2018-10-11 18:27:18,-1.0,0.1,13.95,21.03
Flower power 0F48,PI040298AD5I210985,2018-10-11 18:42:18,-1.0,0.1,14.22,20.55
Flower power 0F48,PI040298AD5I210985,2018-10-11 18:57:18,-1.0,0.1,14.09,20.21
Flower power 0F48,PI040298AD5I210985,2018-10-11 19:12:18,-1.0,0.1,13.95,19.82
Flower power 0F48,PI040298AD5I210985,2018-10-11 19:27:18,-1.0,0.1,14.22,20.06
Flower power 0F48,PI040298AD5I210985,2018-10-11 19:42:18,-1.0,0.1,13.82,19.72
Flower power 0F48,PI040298AD5I210985,2018-10-11 19:57:18,-1.0,0.1,14.09,18.64
Flower power 0F48,PI040298AD5I210985,2018-10-11 20:12:18,-1.0,0.1,13.82,18.83
Flower power 0F48,PI040298AD5I210985,2018-10-11 20:27:18,-1.0,0.1,14.09,19.43
Flower power 0F48,PI040298AD5I210985,2018-10-11 20:42:18,-1.0,0.1,14.22,18.69
Flower power 0F48,PI040298AD5I210985,2018-10-11 20:57:18,-1.0,0.1,14.09,18.19
Flower power 0F48,PI040298AD5I210985,2018-10-11 21:12:18,-1.0,0.1,14.36,19.13
Flower power 0F48,PI040298AD5I210985,2018-10-11 21:27:18,-1.0,0.1,14.09,18.83
Flower power 0F48,PI040298AD5I210985,2018-10-11 21:42:18,-1.0,0.1,14.36,19.13
Flower power 0F48,PI040298AD5I210985,2018-10-11 21:57:18,-1.0,0.1,14.36,19.18
Flower power 0F48,PI040298AD5I210985,2018-10-11 22:12:18,-1.0,0.1,13.95,19.57
Flower power 0F48,PI040298AD5I210985,2018-10-11 22:27:18,-1.0,0.1,14.36,19.18
Flower power 0F48,PI040298AD5I210985,2018-10-11 22:42:18,-1.0,0.1,14.22,17.07
Flower power 0F48,PI040298AD5I210985,2018-10-11 22:57:18,-1.0,0.1,14.22,16.19
Flower power 0F48,PI040298AD5I210985,2018-10-11 23:12:18,-1.0,0.1,14.22,17.48
Flower power 0F48,PI040298AD5I210985,2018-10-11 23:27:18,-1.0,0.1,14.22,15.93
Flower power 0F48,PI040298AD5I210985,2018-10-11 23:42:18,-1.0,0.1,14.09,14.81
Flower power 0F48,PI040298AD5I210985,2018-10-11 23:57:18,-1.0,0.1,14.09,14.11
Flower power 0F48,PI040298AD5I210985,2018-10-12 00:12:18,-1.0,0.1,14.22,13.73
Flower power 0F48,PI040298AD5I210985,2018-10-12 00:27:18,-1.0,0.1,14.09,13.62
Flower power 0F48,PI040298AD5I210985,2018-10-12 00:42:18,-1.0,0.1,14.09,14.11
Flower power 0F48,PI040298AD5I210985,2018-10-12 00:57:18,-1.0,0.1,14.36,15.08
Flower power 0F48,PI040298AD5I210985,2018-10-12 01:12:18,-1.0,0.1,13.95,14.33
Flower power 0F48,PI040298AD5I210985,2018-10-12 01:27:18,-1.0,0.1,14.09,13.01
Flower power 0F48,PI040298AD5I210985,2018-10-12 01:42:18,-1.0,0.1,13.95,12.22
Flower power 0F48,PI040298AD5I210985,2018-10-12 01:57:18,-1.0,0.1,14.09,12.56
Flower power 0F48,PI040298AD5I210985,2018-10-12 02:12:18,-1.0,0.1,14.36,12.22
Flower power 0F48,PI040298AD5I210985,2018-10-12 02:27:18,-1.0,0.1,13.95,11.76
Flower power 0F48,PI040298AD5I210985,2018-10-12 02:42:18,-1.0,0.1,14.22,11.48
Flower power 0F48,PI040298AD5I210985,2018-10-12 02:57:18,-1.0,0.1,14.22,11.13
Flower power 0F48,PI040298AD5I210985,2018-10-12 03:12:18,-1.0,0.1,13.95,11.13
Flower power 0F48,PI040298AD5I210985,2018-10-12 03:27:18,-1.0,0.1,14.22,11.76
Flower power 0F48,PI040298AD5I210985,2018-10-12 03:42:18,-1.0,0.1,14.36,12.56
Flower power 0F48,PI040298AD5I210985,2018-10-12 03:57:18,-1.0,0.1,14.36,12.84
Flower power 0F48,PI040298AD5I210985,2018-10-12 04:12:18,-1.0,0.1,13.82,11.59
Flower power 0F48,PI040298AD5I210985,2018-10-12 04:27:18,-1.0,0.1,13.95,11.01
Flower power 0F48,PI040298AD5I210985,2018-10-12 04:42:18,-1.0,0.1,14.09,10.61
Flower power 0F48,PI040298AD5I210985,2018-10-12 04:57:18,-1.0,0.1,13.82,10.61
Flower power 0F48,PI040298AD5I210985,2018-10-12 05:12:18,-1.0,0.1,13.82,10.55
Flower power 0F48,PI040298AD5I210985,2018-10-12 05:27:18,-1.0,0.1,13.95,10.55
Flower power 0F48,PI040298AD5I210985,2018-10-12 05:42:18,-1.0,0.1,13.95,10.43
Flower power 0F48,PI040298AD5I210985,2018-10-12 05:57:18,-1.0,0.1,13.95,10.43
Flower power 0F48,PI040298AD5I210985,2018-10-12 06:12:18,-1.0,0.1,14.22,10.19
Flower power 0F48,PI040298AD5I210985,2018-10-12 06:27:18,-1.0,0.1,14.36,10.08
Flower power 0F48,PI040298AD5I210985,2018-10-12 06:42:18,-1.0,0.81,13.95,10.49
Flower power 0F48,PI040298AD5I210985,2018-10-12 06:57:18,-1.0,3.38,14.36,11.13
Flower power 0F48,PI040298AD5I210985,2018-10-12 07:12:18,-1.0,5.53,14.09,12.84
Flower power 0F48,PI040298AD5I210985,2018-10-12 07:27:18,-1.0,6.92,14.22,13.84
Flower power 0F48,PI040298AD5I210985,2018-10-12 07:42:18,-1.0,8.83,14.36,15.19
Flower power 0F48,PI040298AD5I210985,2018-10-12 07:57:18,-1.0,14.22,13.82,17.17
Flower power 0F48,PI040298AD5I210985,2018-10-12 08:12:18,-1.0,34.36,14.36,19.38
Flower power 0F48,PI040298AD5I210985,2018-10-12 08:27:18,-1.0,43.7,14.49,22.91
Flower power 0F48,PI040298AD5I210985,2018-10-12 08:42:18,-1.0,39.43,14.49,27.27
Flower power 0F48,PI040298AD5I210985,2018-10-12 08:57:18,-1.0,59.64,13.82,29.0
Flower power 0F48,PI040298AD5I210985,2018-10-12 09:12:18,-1.0,70.17,13.95,33.42
Flower power 0F48,PI040298AD5I210985,2018-10-12 09:27:18,-1.0,70.17,13.95,36.59
Flower power 0F48,PI040298AD5I210985,2018-10-12 09:42:18,-1.0,74.89,14.36,38.84
Flower power 0F48,PI040298AD5I210985,2018-10-12 09:57:18,-1.0,81.58,13.82,41.71
Flower power 0F48,PI040298AD5I210985,2018-10-12 10:12:18,-1.0,87.22,13.95,43.03
Flower power 0F48,PI040298AD5I210985,2018-10-12 10:27:18,-1.0,96.33,14.36,44.8
Flower power 0F48,PI040298AD5I210985,2018-10-12 10:42:18,-1.0,79.02,14.09,44.43
Flower power 0F48,PI040298AD5I210985,2018-10-12 10:57:18,-1.0,100.12,13.69,45.01
Flower power 0F48,PI040298AD5I210985,2018-10-12 11:12:18,-1.0,107.49,13.82,46.3
Flower power 0F48,PI040298AD5I210985,2018-10-12 11:27:18,-1.0,110.99,13.95,47.64
Flower power 0F48,PI040298AD5I210985,2018-10-12 11:42:18,-1.0,113.44,14.22,49.47
Flower power 0F48,PI040298AD5I210985,2018-10-12 11:57:18,-1.0,114.71,13.95,49.3
Flower power 0F48,PI040298AD5I210985,2018-10-12 12:12:18,-1.0,116.0,14.22,48.77
Flower power 0F48,PI040298AD5I210985,2018-10-12 12:27:18,-1.0,113.44,14.22,49.0
Flower power 0F48,PI040298AD5I210985,2018-10-12 12:42:18,-1.0,113.44,14.09,47.64
Flower power 0F48,PI040298AD5I210985,2018-10-12 12:57:18,-1.0,96.33,13.95,45.49
Flower power 0F48,PI040298AD5I210985,2018-10-12 13:12:18,-1.0,97.25,13.82,41.66
Flower power 0F48,PI040298AD5I210985,2018-10-12 13:27:18,-1.0,55.61,14.09,38.65
Flower power 0F48,PI040298AD5I210985,2018-10-12 13:42:18,-1.0,31.53,14.09,35.68
Flower power 0F48,PI040298AD5I210985,2018-10-12 13:57:18,-1.0,71.68,13.95,35.68
Flower power 0F48,PI040298AD5I210985,2018-10-12 14:12:18,-1.0,86.47,13.82,37.85
Flower power 0F48,PI040298AD5I210985,2018-10-12 14:27:18,-1.0,65.99,13.82,35.81
Flower power 0F48,PI040298AD5I210985,2018-10-12 14:42:18,-1.0,28.85,14.09,30.76
Flower power 0F48,PI040298AD5I210985,2018-10-12 14:57:18,-1.0,23.65,13.95,28.11
Flower power 0F48,PI040298AD5I210985,2018-10-12 15:12:18,-1.0,18.41,13.69,26.37
Flower power 0F48,PI040298AD5I210985,2018-10-12 15:27:18,-1.0,17.18,13.69,25.92
Flower power 0F48,PI040298AD5I210985,2018-10-12 15:42:18,-1.0,13.63,13.69,24.7
Flower power 0F48,PI040298AD5I210985,2018-10-12 15:57:18,-1.0,13.96,13.69,24.11
Flower power 0F48,PI040298AD5I210985,2018-10-12 16:12:18,-1.0,13.48,14.09,24.16
Flower power 0F48,PI040298AD5I210985,2018-10-12 16:27:18,-1.0,10.75,13.69,23.56
Flower power 0F48,PI040298AD5I210985,2018-10-12 16:42:18,-1.0,12.16,13.69,23.24
Flower power 0F48,PI040298AD5I210985,2018-10-12 16:57:18,-1.0,13.17,13.82,23.74
Flower power 0F48,PI040298AD5I210985,2018-10-12 17:12:18,-1.0,8.41,13.69,22.96
Flower power 0F48,PI040298AD5I210985,2018-10-12 17:27:18,-1.0,5.18,13.69,21.74
Flower power 0F48,PI040298AD5I210985,2018-10-12 17:42:18,-1.0,2.39,13.55,20.59
Flower power 0F48,PI040298AD5I210985,2018-10-12 17:57:18,-1.0,0.74,13.95,19.33
Flower power 0F48,PI040298AD5I210985,2018-10-12 18:12:18,-1.0,0.1,13.69,17.22
Flower power 0F48,PI040298AD5I210985,2018-10-12 18:27:18,-1.0,0.1,13.95,15.82
Flower power 0F48,PI040298AD5I210985,2018-10-12 18:42:18,-1.0,0.1,14.09,15.45
Flower power 0F48,PI040298AD5I210985,2018-10-12 18:57:18,-1.0,0.1,13.69,15.13
Flower power 0F48,PI040298AD5I210985,2018-10-12 19:12:18,-1.0,0.1,13.69,14.92
Flower power 0F48,PI040298AD5I210985,2018-10-12 19:27:18,-1.0,0.1,14.09,14.6
Flower power 0F48,PI040298AD5I210985,2018-10-12 19:42:18,-1.0,0.1,13.95,14.43
Flower power 0F48,PI040298AD5I210985,2018-10-12 19:57:18,-1.0,0.1,13.69,14.16
Flower power 0F48,PI040298AD5I210985,2018-10-12 20:12:18,-1.0,0.1,13.69,13.95
Flower power 0F48,PI040298AD5I210985,2018-10-12 20:27:18,-1.0,0.1,13.82,14.11
Flower power 0F48,PI040298AD5I210985,2018-10-12 20:42:18,-1.0,0.1,13.82,13.89
Flower power 0F48,PI040298AD5I210985,2018-10-12 20:57:18,-1.0,0.1,13.82,13.84
Flower power 0F48,PI040298AD5I210985,2018-10-12 21:12:18,-1.0,0.1,13.69,13.73
Flower power 0F48,PI040298AD5I210985,2018-10-12 21:27:18,-1.0,0.1,14.09,13.28
Flower power 0F48,PI040298AD5I210985,2018-10-12 21:42:18,-1.0,0.1,13.69,13.06
Flower power 0F48,PI040298AD5I210985,2018-10-12 21:57:18,-1.0,0.1,13.82,12.84
Flower power 0F48,PI040298AD5I210985,2018-10-12 22:12:18,-1.0,0.1,13.82,12.73
Flower power 0F48,PI040298AD5I210985,2018-10-12 22:27:18,-1.0,0.1,14.09,12.33
Flower power 0F48,PI040298AD5I210985,2018-10-12 22:42:18,-1.0,0.1,13.82,12.28
Flower power 0F48,PI040298AD5I210985,2018-10-12 22:57:18,-1.0,0.1,13.69,12.33
Flower power 0F48,PI040298AD5I210985,2018-10-12 23:12:18,-1.0,0.1,13.42,12.28
Flower power 0F48,PI040298AD5I210985,2018-10-12 23:27:18,-1.0,0.1,13.42,12.16
Flower power 0F48,PI040298AD5I210985,2018-10-12 23:42:18,-1.0,0.1,13.69,11.94
Flower power 0F48,PI040298AD5I210985,2018-10-12 23:57:18,-1.0,0.1,13.69,12.05
Flower power 0F48,PI040298AD5I210985,2018-10-13 00:12:18,-1.0,0.1,13.82,11.94
Flower power 0F48,PI040298AD5I210985,2018-10-13 00:27:18,-1.0,0.1,14.09,11.88
Flower power 0F48,PI040298AD5I210985,2018-10-13 00:42:18,-1.0,0.1,13.42,11.94
Flower power 0F48,PI040298AD5I210985,2018-10-13 00:57:18,-1.0,0.1,13.82,12.45
Flower power 0F48,PI040298AD5I210985,2018-10-13 01:12:18,-1.0,0.1,13.42,11.76
Flower power 0F48,PI040298AD5I210985,2018-10-13 01:27:18,-1.0,0.1,13.95,11.3
Flower power 0F48,PI040298AD5I210985,2018-10-13 01:42:18,-1.0,0.1,14.09,11.19
Flower power 0F48,PI040298AD5I210985,2018-10-13 01:57:18,-1.0,0.1,13.55,11.01
Flower power 0F48,PI040298AD5I210985,2018-10-13 02:12:18,-1.0,0.1,13.42,10.9
Flower power 0F48,PI040298AD5I210985,2018-10-13 02:27:18,-1.0,0.1,13.82,11.01
Flower power 0F48,PI040298AD5I210985,2018-10-13 02:42:18,-1.0,0.1,13.95,10.9
Flower power 0F48,PI040298AD5I210985,2018-10-13 02:57:18,-1.0,0.1,13.95,11.01
Flower power 0F48,PI040298AD5I210985,2018-10-13 03:12:18,-1.0,0.1,13.55,11.99
Flower power 0F48,PI040298AD5I210985,2018-10-13 03:27:18,-1.0,0.1,13.42,10.96
Flower power 0F48,PI040298AD5I210985,2018-10-13 03:42:18,-1.0,0.1,14.09,11.13
Flower power 0F48,PI040298AD5I210985,2018-10-13 03:57:18,-1.0,0.1,13.95,11.25
Flower power 0F48,PI040298AD5I210985,2018-10-13 04:12:18,-1.0,0.1,13.95,11.48
Flower power 0F48,PI040298AD5I210985,2018-10-13 04:27:18,-1.0,0.1,13.42,11.42
Flower power 0F48,PI040298AD5I210985,2018-10-13 04:42:18,-1.0,0.1,13.55,11.48
Flower power 0F48,PI040298AD5I210985,2018-10-13 04:57:18,-1.0,0.1,13.95,13.06
Flower power 0F48,PI040298AD5I210985,2018-10-13 05:12:18,-1.0,0.1,13.55,12.95
Flower power 0F48,PI040298AD5I210985,2018-10-13 05:27:18,-1.0,0.1,13.55,12.67
Flower power 0F48,PI040298AD5I210985,2018-10-13 05:42:18,-1.0,0.1,13.69,12.9
Flower power 0F48,PI040298AD5I210985,2018-10-13 05:57:18,-1.0,0.1,13.82,13.17
Flower power 0F48,PI040298AD5I210985,2018-10-13 06:12:18,-1.0,0.1,13.95,12.9
Flower power 0F48,PI040298AD5I210985,2018-10-13 06:27:18,-1.0,0.1,13.69,11.94
Flower power 0F48,PI040298AD5I210985,2018-10-13 06:42:18,-1.0,0.75,13.82,12.05
Flower power 0F48,PI040298AD5I210985,2018-10-13 06:57:18,-1.0,2.45,13.95,13.01
Flower power 0F48,PI040298AD5I210985,2018-10-13 07:12:18,-1.0,4.42,13.69,13.73
Flower power 0F48,PI040298AD5I210985,2018-10-13 07:27:18,-1.0,7.05,14.09,14.87
Flower power 0F48,PI040298AD5I210985,2018-10-13 07:42:18,-1.0,8.15,13.69,16.34
Flower power 0F48,PI040298AD5I210985,2018-10-13 07:57:18,-1.0,11.27,13.42,18.39
Flower power 0F48,PI040298AD5I210985,2018-10-13 08:12:18,-1.0,31.43,14.09,19.92
Flower power 0F48,PI040298AD5I210985,2018-10-13 08:27:18,-1.0,26.97,13.82,24.11
Flower power 0F48,PI040298AD5I210985,2018-10-13 08:42:18,-1.0,37.88,13.82,25.02
Flower power 0F48,PI040298AD5I210985,2018-10-13 08:57:18,-1.0,28.94,13.42,27.22
Flower power 0F48,PI040298AD5I210985,2018-10-13 09:12:18,-1.0,76.03,13.82,34.1
Flower power 0F48,PI040298AD5I210985,2018-10-13 09:27:18,-1.0,64.7,13.95,36.78
Flower power 0F48,PI040298AD5I210985,2018-10-13 09:42:18,-1.0,82.25,13.29,39.41
Flower power 0F48,PI040298AD5I210985,2018-10-13 09:57:18,-1.0,88.75,13.69,42.77
Flower power 0F48,PI040298AD5I210985,2018-10-13 10:12:18,-1.0,89.53,13.29,41.26
Flower power 0F48,PI040298AD5I210985,2018-10-13 10:27:18,-1.0,95.43,13.69,44.06
Flower power 0F48,PI040298AD5I210985,2018-10-13 10:42:18,-1.0,64.28,13.55,39.85
Flower power 0F48,PI040298AD5I210985,2018-10-13 10:57:18,-1.0,100.12,13.42,37.01
Flower power 0F48,PI040298AD5I210985,2018-10-13 11:12:18,-1.0,71.17,13.69,38.89
Flower power 0F48,PI040298AD5I210985,2018-10-13 11:27:18,-1.0,110.99,13.42,41.56
Flower power 0F48,PI040298AD5I210985,2018-10-13 11:42:18,-1.0,118.68,13.29,44.01
Flower power 0F48,PI040298AD5I210985,2018-10-13 11:57:18,-1.0,35.64,13.42,44.06
Flower power 0F48,PI040298AD5I210985,2018-10-13 12:12:18,-1.0,124.41,13.42,45.82
Flower power 0F48,PI040298AD5I210985,2018-10-13 12:27:18,-1.0,90.33,13.29,37.94
Flower power 0F48,PI040298AD5I210985,2018-10-13 12:42:18,-1.0,61.12,13.55,39.41
Flower power 0F48,PI040298AD5I210985,2018-10-13 12:57:18,-1.0,60.37,13.55,39.22
Flower power 0F48,PI040298AD5I210985,2018-10-13 13:12:18,-1.0,44.7,13.29,34.23
Flower power 0F48,PI040298AD5I210985,2018-10-13 13:27:18,-1.0,57.56,13.29,33.83
Flower power 0F48,PI040298AD5I210985,2018-10-13 13:42:18,-1.0,35.64,13.55,32.8
Flower power 0F48,PI040298AD5I210985,2018-10-13 13:57:18,-1.0,104.21,13.69,32.84
Flower power 0F48,PI040298AD5I210985,2018-10-13 14:12:18,-1.0,69.19,13.29,34.54
Flower power 0F48,PI040298AD5I210985,2018-10-13 14:27:18,-1.0,23.95,13.55,31.91
Flower power 0F48,PI040298AD5I210985,2018-10-13 14:42:18,-1.0,43.31,13.15,30.98
Flower power 0F48,PI040298AD5I210985,2018-10-13 14:56:29,-1.0,23.77,13.29,28.11
Flower power 0F48,PI040298AD5I210985,2018-10-13 15:11:29,-1.0,35.51,13.55,28.29
Flower power 0F48,PI040298AD5I210985,2018-10-13 15:26:29,-1.0,21.93,13.82,28.38
Flower power 0F48,PI040298AD5I210985,2018-10-13 15:41:29,-1.0,19.38,13.69,26.24
Flower power 0F48,PI040298AD5I210985,2018-10-13 15:56:29,-1.0,25.51,13.29,27.0
Flower power 0F48,PI040298AD5I210985,2018-10-13 16:11:29,-1.0,18.49,13.55,27.53
Flower power 0F48,PI040298AD5I210985,2018-10-13 16:26:29,-1.0,13.94,13.55,25.83
Flower power 0F48,PI040298AD5I210985,2018-10-13 16:41:29,-1.0,7.16,13.69,25.07
Flower power 0F48,PI040298AD5I210985,2018-10-13 16:56:29,-1.0,5.32,13.55,23.79
Flower power 0F48,PI040298AD5I210985,2018-10-13 17:11:29,-1.0,4.11,13.42,23.37
Flower power 0F48,PI040298AD5I210985,2018-10-13 17:26:29,-1.0,5.57,13.02,23.65
Flower power 0F48,PI040298AD5I210985,2018-10-13 17:41:29,-1.0,3.06,13.55,22.82
Flower power 0F48,PI040298AD5I210985,2018-10-13 17:56:29,-1.0,0.73,13.02,21.97
Flower power 0F48,PI040298AD5I210985,2018-10-13 18:11:29,-1.0,0.1,13.15,21.41
Flower power 0F48,PI040298AD5I210985,2018-10-13 18:26:29,-1.0,0.1,13.55,21.55
Flower power 0F48,PI040298AD5I210985,2018-10-13 18:41:29,-1.0,0.1,13.42,21.6
Flower power 0F48,PI040298AD5I210985,2018-10-13 18:56:29,-1.0,0.1,13.02,21.5
Flower power 0F48,PI040298AD5I210985,2018-10-13 19:11:29,-1.0,0.1,13.42,21.93
Flower power 0F48,PI040298AD5I210985,2018-10-13 19:26:29,-1.0,0.1,13.15,22.26
Flower power 0F48,PI040298AD5I210985,2018-10-13 19:41:29,-1.0,0.1,13.29,22.16
Flower power 0F48,PI040298AD5I210985,2018-10-13 19:56:29,-1.0,0.1,13.42,21.97
Flower power 0F48,PI040298AD5I210985,2018-10-13 20:11:29,-1.0,0.1,13.42,22.16
Flower power 0F48,PI040298AD5I210985,2018-10-13 20:26:29,-1.0,0.1,13.42,22.3
Flower power 0F48,PI040298AD5I210985,2018-10-13 20:41:29,-1.0,0.1,13.02,22.4
Flower power 0F48,PI040298AD5I210985,2018-10-13 20:56:29,-1.0,0.1,13.55,21.74
Flower power 0F48,PI040298AD5I210985,2018-10-13 21:11:29,-1.0,0.1,13.42,21.69
Flower power 0F48,PI040298AD5I210985,2018-10-13 21:26:29,-1.0,0.1,13.55,21.74
Flower power 0F48,PI040298AD5I210985,2018-10-13 21:41:29,-1.0,0.1,13.29,21.83
Flower power 0F48,PI040298AD5I210985,2018-10-13 21:56:29,-1.0,0.1,13.15,21.93
Flower power 0F48,PI040298AD5I210985,2018-10-13 22:11:29,-1.0,0.1,14.36,20.83
Flower power 0F48,PI040298AD5I210985,2018-10-13 22:26:29,-1.0,0.1,15.29,19.48
Flower power 0F48,PI040298AD5I210985,2018-10-13 22:41:29,-1.0,0.1,16.08,18.59
Flower power 0F48,PI040298AD5I210985,2018-10-13 22:56:29,-1.0,0.1,21.14,17.98
Flower power 0F48,PI040298AD5I210985,2018-10-13 23:11:29,-1.0,0.1,21.4,17.53
Flower power 0F48,PI040298AD5I210985,2018-10-13 23:26:29,-1.0,0.1,20.89,17.17
Flower power 0F48,PI040298AD5I210985,2018-10-13 23:41:29,-1.0,0.1,20.39,16.91
Flower power 0F48,PI040298AD5I210985,2018-10-13 23:56:29,-1.0,0.1,20.78,16.45
Flower power 0F48,PI040298AD5I210985,2018-10-14 00:11:29,-1.0,0.1,21.19,16.45
Flower power 0F48,PI040298AD5I210985,2018-10-14 00:26:29,-1.0,0.1,21.57,16.4
Flower power 0F48,PI040298AD5I210985,2018-10-14 00:41:29,0.33,0.1,21.71,16.45
Flower power 0F48,PI040298AD5I210985,2018-10-14 00:56:29,0.33,0.1,21.45,16.4
Flower power 0F48,PI040298AD5I210985,2018-10-14 01:11:29,0.33,0.1,21.33,16.19
Flower power 0F48,PI040298AD5I210985,2018-10-14 01:26:29,0.33,0.1,21.46,16.08
Flower power 0F48,PI040298AD5I210985,2018-10-14 01:41:29,0.33,0.1,21.34,16.24
Flower power 0F48,PI040298AD5I210985,2018-10-14 01:56:29,0.33,0.1,20.96,15.87
Flower power 0F48,PI040298AD5I210985,2018-10-14 02:11:29,0.33,0.1,20.83,15.66
Flower power 0F48,PI040298AD5I210985,2018-10-14 02:26:29,0.33,0.1,21.09,15.03
Flower power 0F48,PI040298AD5I210985,2018-10-14 02:41:29,0.33,0.1,20.71,14.76
Flower power 0F48,PI040298AD5I210985,2018-10-14 02:56:29,0.33,0.1,20.58,13.78
Flower power 0F48,PI040298AD5I210985,2018-10-14 03:11:29,0.33,0.1,20.46,12.84
Flower power 0F48,PI040298AD5I210985,2018-10-14 03:26:29,0.33,0.1,20.33,12.78
Flower power 0F48,PI040298AD5I210985,2018-10-14 03:41:29,0.33,0.1,20.85,13.06
Flower power 0F48,PI040298AD5I210985,2018-10-14 03:56:29,0.33,0.1,20.21,12.9
Flower power 0F48,PI040298AD5I210985,2018-10-14 04:11:29,0.33,0.1,20.47,13.01
Flower power 0F48,PI040298AD5I210985,2018-10-14 04:26:29,0.33,0.1,20.21,12.9
Flower power 0F48,PI040298AD5I210985,2018-10-14 04:41:29,0.33,0.1,20.72,12.9
Flower power 0F48,PI040298AD5I210985,2018-10-14 04:56:29,0.33,0.1,20.34,12.67
Flower power 0F48,PI040298AD5I210985,2018-10-14 05:11:29,0.33,0.1,20.21,13.06
Flower power 0F48,PI040298AD5I210985,2018-10-14 05:26:29,0.33,0.1,20.34,13.51
Flower power 0F48,PI040298AD5I210985,2018-10-14 05:41:29,0.33,0.1,20.47,12.95
Flower power 0F48,PI040298AD5I210985,2018-10-14 05:56:29,0.33,0.1,20.47,12.28
Flower power 0F48,PI040298AD5I210985,2018-10-14 06:11:29,0.33,0.1,19.95,12.28
Flower power 0F48,PI040298AD5I210985,2018-10-14 06:26:29,0.33,0.1,20.08,12.56
Flower power 0F48,PI040298AD5I210985,2018-10-14 06:41:29,0.33,0.51,20.2,12.73
Flower power 0F48,PI040298AD5I210985,2018-10-14 06:56:29,0.33,1.66,20.08,12.22
Flower power 0F48,PI040298AD5I210985,2018-10-14 07:11:29,0.33,4.59,20.07,12.84
Flower power 0F48,PI040298AD5I210985,2018-10-14 07:26:29,0.33,6.96,19.69,14.54
Flower power 0F48,PI040298AD5I210985,2018-10-14 07:41:29,0.33,13.73,19.95,15.29
Flower power 0F48,PI040298AD5I210985,2018-10-14 07:56:29,0.33,19.3,19.82,16.86
Flower power 0F48,PI040298AD5I210985,2018-10-14 08:11:29,0.33,12.84,19.82,17.17
Flower power 0F48,PI040298AD5I210985,2018-10-14 08:26:29,0.33,23.35,19.94,17.83
Flower power 0F48,PI040298AD5I210985,2018-10-14 08:41:29,0.33,24.58,19.69,18.13
Flower power 0F48,PI040298AD5I210985,2018-10-14 08:56:29,0.33,54.39,19.82,21.45
Flower power 0F48,PI040298AD5I210985,2018-10-14 09:11:29,0.33,65.55,19.95,24.29
Flower power 0F48,PI040298AD5I210985,2018-10-14 09:26:29,0.33,50.47,19.43,25.65
Flower power 0F48,PI040298AD5I210985,2018-10-14 09:41:29,0.33,79.02,19.56,27.58
Flower power 0F48,PI040298AD5I210985,2018-10-14 09:56:29,0.33,51.0,19.56,29.92
Flower power 0F48,PI040298AD5I210985,2018-10-14 10:11:29,0.33,96.33,19.43,30.76
Flower power 0F48,PI040298AD5I210985,2018-10-14 10:26:29,0.33,54.39,19.17,32.44
Flower power 0F48,PI040298AD5I210985,2018-10-14 10:41:29,0.33,98.19,19.29,23.74
Flower power 0F48,PI040298AD5I210985,2018-10-14 10:56:29,0.33,29.76,19.29,21.5
Flower power 0F48,PI040298AD5I210985,2018-10-14 11:11:29,0.33,106.38,19.55,27.98
Flower power 0F48,PI040298AD5I210985,2018-10-14 11:26:29,0.33,39.59,19.29,33.6
Flower power 0F48,PI040298AD5I210985,2018-10-14 11:41:29,0.33,39.59,19.03,24.48
Flower power 0F48,PI040298AD5I210985,2018-10-14 11:56:29,0.33,51.81,19.03,22.96
Flower power 0F48,PI040298AD5I210985,2018-10-14 12:11:29,0.33,77.2,18.9,31.6
Flower power 0F48,PI040298AD5I210985,2018-10-14 12:26:29,0.33,116.0,19.03,32.0
Flower power 0F48,PI040298AD5I210985,2018-10-14 12:41:29,0.33,121.48,19.29,34.73
Flower power 0F48,PI040298AD5I210985,2018-10-14 12:56:29,0.33,114.71,18.64,32.36
Flower power 0F48,PI040298AD5I210985,2018-10-14 13:11:29,0.33,77.8,18.9,30.76
Flower power 0F48,PI040298AD5I210985,2018-10-14 13:26:29,0.33,114.71,19.03,28.11
Flower power 0F48,PI040298AD5I210985,2018-10-14 13:41:29,0.33,103.16,18.51,30.63
Flower power 0F48,PI040298AD5I210985,2018-10-14 13:56:29,0.33,96.33,18.9,29.75
Flower power 0F48,PI040298AD5I210985,2018-10-14 14:11:29,0.33,91.14,19.15,28.51
Flower power 0F48,PI040298AD5I210985,2018-10-14 14:26:29,0.33,60.37,18.9,27.0
Flower power 0F48,PI040298AD5I210985,2018-10-14 14:41:29,0.33,15.74,19.02,19.87
Flower power 0F48,PI040298AD5I210985,2018-10-14 14:56:29,0.33,9.43,18.64,18.08
Flower power 0F48,PI040298AD5I210985,2018-10-14 15:11:29,0.33,11.4,18.64,18.54
Flower power 0F48,PI040298AD5I210985,2018-10-14 15:26:29,0.33,8.99,18.77,18.24
Flower power 0F48,PI040298AD5I210985,2018-10-14 15:41:29,0.33,9.08,18.51,17.88
Flower power 0F48,PI040298AD5I210985,2018-10-14 15:56:29,0.33,8.45,18.38,17.63
Flower power 0F48,PI040298AD5I210985,2018-10-14 16:11:29,0.33,7.65,18.64,17.48
Flower power 0F48,PI040298AD5I210985,2018-10-14 16:26:29,0.33,7.19,18.77,17.17
Flower power 0F48,PI040298AD5I210985,2018-10-14 16:41:29,0.33,6.62,18.38,16.97
Flower power 0F48,PI040298AD5I210985,2018-10-14 16:56:29,0.33,5.87,18.51,16.6
Flower power 0F48,PI040298AD5I210985,2018-10-14 17:11:29,0.33,5.06,18.38,16.14
Flower power 0F48,PI040298AD5I210985,2018-10-14 17:26:29,0.33,3.95,18.64,15.66
Flower power 0F48,PI040298AD5I210985,2018-10-14 17:41:29,0.33,2.37,18.38,15.24
Flower power 0F48,PI040298AD5I210985,2018-10-14 17:56:29,0.33,0.82,18.38,14.65
Flower power 0F48,PI040298AD5I210985,2018-10-14 18:11:29,0.33,0.1,18.38,14.27
Flower power 0F48,PI040298AD5I210985,2018-10-14 18:26:29,0.33,0.1,18.12,13.78
Flower power 0F48,PI040298AD5I210985,2018-10-14 18:41:29,0.33,0.1,18.51,13.56
Flower power 0F48,PI040298AD5I210985,2018-10-14 18:56:29,0.33,0.1,18.12,12.95
Flower power 0F48,PI040298AD5I210985,2018-10-14 19:11:29,0.33,0.1,18.12,12.11
Flower power 0F48,PI040298AD5I210985,2018-10-14 19:26:29,0.33,0.1,18.51,11.48
Flower power 0F48,PI040298AD5I210985,2018-10-14 19:41:29,0.33,0.1,18.51,11.36
Flower power 0F48,PI040298AD5I210985,2018-10-14 19:56:29,0.33,0.1,18.38,10.78
Flower power 0F48,PI040298AD5I210985,2018-10-14 20:11:29,0.33,0.1,18.25,10.25
Flower power 0F48,PI040298AD5I210985,2018-10-14 20:26:29,0.33,0.1,18.38,8.32
Flower power 0F48,PI040298AD5I210985,2018-10-14 20:41:29,0.33,0.1,17.98,7.39
Flower power 0F48,PI040298AD5I210985,2018-10-14 20:56:29,0.33,0.1,18.38,7.2
Flower power 0F48,PI040298AD5I210985,2018-10-14 21:11:29,0.33,0.1,17.99,7.33
Flower power 0F48,PI040298AD5I210985,2018-10-14 21:26:29,0.33,0.1,18.38,7.01
Flower power 0F48,PI040298AD5I210985,2018-10-14 21:41:29,0.33,0.1,18.51,6.95
Flower power 0F48,PI040298AD5I210985,2018-10-14 21:56:29,0.33,0.1,18.25,8.32
Flower power 0F48,PI040298AD5I210985,2018-10-14 22:11:29,0.33,0.1,18.25,6.82
Flower power 0F48,PI040298AD5I210985,2018-10-14 22:26:29,0.33,0.1,18.51,6.7
Flower power 0F48,PI040298AD5I210985,2018-10-14 22:41:29,0.33,0.1,18.24,7.08
Flower power 0F48,PI040298AD5I210985,2018-10-14 22:56:29,0.33,0.1,18.25,6.82
Flower power 0F48,PI040298AD5I210985,2018-10-14 23:11:29,0.33,0.1,17.85,6.95
Flower power 0F48,PI040298AD5I210985,2018-10-14 23:26:29,0.33,0.1,17.99,6.51
Flower power 0F48,PI040298AD5I210985,2018-10-14 23:41:29,0.33,0.1,18.25,6.63
Flower power 0F48,PI040298AD5I210985,2018-10-14 23:56:29,0.33,0.1,17.98,6.44
Flower power 0F48,PI040298AD5I210985,2018-10-15 00:11:29,0.33,0.1,18.24,6.38
Flower power 0F48,PI040298AD5I210985,2018-10-15 00:26:29,0.33,0.1,17.98,5.93
Flower power 0F48,PI040298AD5I210985,2018-10-15 00:41:29,0.33,0.1,17.98,6.06
Flower power 0F48,PI040298AD5I210985,2018-10-15 00:56:29,0.33,0.1,17.98,5.86
Flower power 0F48,PI040298AD5I210985,2018-10-15 01:11:29,0.33,0.1,17.98,5.93
Flower power 0F48,PI040298AD5I210985,2018-10-15 01:26:29,0.33,0.1,17.98,6.06
Flower power 0F48,PI040298AD5I210985,2018-10-15 01:41:29,0.33,0.1,18.12,6.31
Flower power 0F48,PI040298AD5I210985,2018-10-15 01:56:29,0.33,0.1,17.99,6.25
Flower power 0F48,PI040298AD5I210985,2018-10-15 02:11:29,0.33,0.1,17.99,6.51
Flower power 0F48,PI040298AD5I210985,2018-10-15 02:26:29,0.33,0.1,17.85,7.33
Flower power 0F48,PI040298AD5I210985,2018-10-15 02:41:29,0.33,0.1,18.38,7.14
Flower power 0F48,PI040298AD5I210985,2018-10-15 02:56:29,0.33,0.1,17.86,7.39
Flower power 0F48,PI040298AD5I210985,2018-10-15 03:11:29,0.33,0.1,18.12,7.58
Flower power 0F48,PI040298AD5I210985,2018-10-15 03:26:29,0.33,0.1,18.38,9.42
Flower power 0F48,PI040298AD5I210985,2018-10-15 03:41:29,0.33,0.1,17.85,10.13
Flower power 0F48,PI040298AD5I210985,2018-10-15 03:56:29,0.33,0.1,18.12,11.01
Flower power 0F48,PI040298AD5I210985,2018-10-15 04:11:29,0.33,0.1,17.85,11.25
Flower power 0F48,PI040298AD5I210985,2018-10-15 04:26:29,0.33,0.1,18.11,11.65
Flower power 0F48,PI040298AD5I210985,2018-10-15 04:41:29,0.33,0.1,17.85,11.76
Flower power 0F48,PI040298AD5I210985,2018-10-15 04:56:29,0.33,0.1,17.99,12.39
Flower power 0F48,PI040298AD5I210985,2018-10-15 05:11:29,0.33,0.1,17.72,12.05
Flower power 0F48,PI040298AD5I210985,2018-10-15 05:26:29,0.33,0.1,17.59,12.73
Flower power 0F48,PI040298AD5I210985,2018-10-15 05:41:29,0.33,0.1,18.24,12.39
Flower power 0F48,PI040298AD5I210985,2018-10-15 05:56:29,0.33,0.1,17.85,13.01
Flower power 0F48,PI040298AD5I210985,2018-10-15 06:11:29,0.33,0.1,17.72,13.17
Flower power 0F48,PI040298AD5I210985,2018-10-15 06:26:29,0.33,0.1,17.59,13.34
Flower power 0F48,PI040298AD5I210985,2018-10-15 06:41:29,0.33,0.24,17.72,13.56
Flower power 0F48,PI040298AD5I210985,2018-10-15 06:56:29,0.33,0.88,17.58,13.84
Flower power 0F48,PI040298AD5I210985,2018-10-15 07:11:29,0.33,2.32,17.72,14.38
Flower power 0F48,PI040298AD5I210985,2018-10-15 07:26:29,0.33,3.48,17.98,14.87
Flower power 0F48,PI040298AD5I210985,2018-10-15 07:41:29,0.33,9.16,17.71,15.87
Flower power 0F48,PI040298AD5I210985,2018-10-15 07:56:29,0.33,7.64,18.11,17.27
Flower power 0F48,PI040298AD5I210985,2018-10-15 08:11:29,0.33,12.67,17.84,17.53
Flower power 0F48,PI040298AD5I210985,2018-10-15 08:26:29,0.33,17.51,17.71,19.77
Flower power 0F48,PI040298AD5I210985,2018-10-15 08:41:29,0.33,18.2,17.84,19.96
Flower power 0F48,PI040298AD5I210985,2018-10-15 08:56:29,0.33,71.68,17.84,28.82
Flower power 0F48,PI040298AD5I210985,2018-10-15 09:11:29,0.33,21.48,17.84,23.93
Flower power 0F48,PI040298AD5I210985,2018-10-15 09:26:29,0.33,36.59,17.97,24.2
Flower power 0F48,PI040298AD5I210985,2018-10-15 09:41:29,0.33,32.94,17.97,23.56
Flower power 0F48,PI040298AD5I210985,2018-10-15 09:56:29,0.33,33.76,17.84,21.6
Flower power 0F48,PI040298AD5I210985,2018-10-15 10:11:29,0.33,9.61,17.83,20.01
Flower power 0F48,PI040298AD5I210985,2018-10-15 10:26:29,0.33,17.51,22.71,19.23
Flower power 0F48,PI040298AD5I210985,2018-10-15 10:41:29,0.33,18.83,25.31,19.77
Flower power 0F48,PI040298AD5I210985,2018-10-15 10:56:29,0.33,13.88,25.28,20.16
Flower power 0F48,PI040298AD5I210985,2018-10-15 11:11:29,0.33,17.47,25.41,19.96
Flower power 0F48,PI040298AD5I210985,2018-10-15 11:26:29,0.36,21.14,28.88,20.06
Flower power 0F48,PI040298AD5I210985,2018-10-15 11:41:29,0.36,35.64,28.24,20.93
Flower power 0F48,PI040298AD5I210985,2018-10-15 11:56:29,0.36,22.41,27.48,20.74
Flower power 0F48,PI040298AD5I210985,2018-10-15 12:11:29,0.36,23.07,28.22,20.88
Flower power 0F48,PI040298AD5I210985,2018-10-15 12:26:29,0.36,28.77,27.36,24.06
Flower power 0F48,PI040298AD5I210985,2018-10-15 12:41:29,0.36,61.12,27.11,25.2
Flower power 0F48,PI040298AD5I210985,2018-10-15 12:56:29,0.36,41.99,26.71,28.33
Flower power 0F48,PI040298AD5I210985,2018-10-15 13:11:29,0.36,54.39,28.73,22.91
Flower power 0F48,PI040298AD5I210985,2018-10-15 13:26:29,0.36,39.59,27.35,23.93
Flower power 0F48,PI040298AD5I210985,2018-10-15 13:41:29,0.36,27.12,26.83,22.44
Flower power 0F48,PI040298AD5I210985,2018-10-15 13:56:29,0.36,10.72,25.96,21.07
Flower power 0F48,PI040298AD5I210985,2018-10-15 14:11:29,0.36,53.21,25.45,23.14
Flower power 0F48,PI040298AD5I210985,2018-10-15 14:26:29,0.36,12.0,25.2,21.55
Flower power 0F48,PI040298AD5I210985,2018-10-15 14:41:29,0.36,43.31,24.82,21.93
Flower power 0F48,PI040298AD5I210985,2018-10-15 14:56:29,0.36,28.42,24.69,21.88
Flower power 0F48,PI040298AD5I210985,2018-10-15 15:11:29,0.36,25.72,24.44,21.26
Flower power 0F48,PI040298AD5I210985,2018-10-15 15:26:29,0.36,11.47,24.31,19.33
Flower power 0F48,PI040298AD5I210985,2018-10-15 15:41:29,0.36,11.18,24.18,19.13
Flower power 0F48,PI040298AD5I210985,2018-10-15 15:56:29,0.36,17.78,23.68,18.93
Flower power 0F48,PI040298AD5I210985,2018-10-15 16:11:29,0.36,10.96,23.8,19.62
Flower power 0F48,PI040298AD5I210985,2018-10-15 16:26:29,0.36,14.7,23.55,19.43
Flower power 0F48,PI040298AD5I210985,2018-10-15 16:41:29,0.36,10.75,23.67,19.18
Flower power 0F48,PI040298AD5I210985,2018-10-15 16:56:29,0.36,9.79,23.17,18.34
Flower power 0F48,PI040298AD5I210985,2018-10-15 17:11:29,0.36,5.12,23.16,18.13
Flower power 0F48,PI040298AD5I210985,2018-10-15 17:26:29,0.36,2.6,23.28,17.32
Flower power 0F48,PI040298AD5I210985,2018-10-15 17:41:29,0.36,1.03,22.65,17.12
Flower power 0F48,PI040298AD5I210985,2018-10-15 17:56:29,0.36,0.48,22.78,16.71
Flower power 0F48,PI040298AD5I210985,2018-10-15 18:11:29,0.36,0.1,22.52,16.81
Flower power 0F48,PI040298AD5I210985,2018-10-15 18:26:29,0.36,0.1,22.77,16.91
Flower power 0F48,PI040298AD5I210985,2018-10-15 18:41:29,0.36,0.1,22.52,16.97
Flower power 0F48,PI040298AD5I210985,2018-10-15 18:56:29,0.36,0.1,22.65,17.07
Flower power 0F48,PI040298AD5I210985,2018-10-15 19:11:29,0.36,0.1,22.93,16.91
Flower power 0F48,PI040298AD5I210985,2018-10-15 19:26:29,0.36,0.1,22.8,16.19
Flower power 0F48,PI040298AD5I210985,2018-10-15 19:41:29,0.36,0.1,22.92,16.66
Flower power 0F48,PI040298AD5I210985,2018-10-15 19:56:29,0.36,0.1,22.79,16.76
Flower power 0F48,PI040298AD5I210985,2018-10-15 20:11:29,0.36,0.1,22.41,16.4
Flower power 0F48,PI040298AD5I210985,2018-10-15 20:26:29,0.36,0.1,22.66,16.66
Flower power 0F48,PI040298AD5I210985,2018-10-15 20:41:29,0.36,0.1,22.66,16.5
Flower power 0F48,PI040298AD5I210985,2018-10-15 20:56:29,0.36,0.1,22.53,16.14
Flower power 0F48,PI040298AD5I210985,2018-10-15 21:11:29,0.36,0.1,22.53,16.14
Flower power 0F48,PI040298AD5I210985,2018-10-15 21:26:29,0.36,0.1,22.28,15.03
Flower power 0F48,PI040298AD5I210985,2018-10-15 21:41:29,0.36,0.1,22.28,15.4
Flower power 0F48,PI040298AD5I210985,2018-10-15 21:56:29,0.36,0.1,22.4,15.13
Flower power 0F48,PI040298AD5I210985,2018-10-15 22:11:29,0.36,0.1,22.27,16.03
Flower power 0F48,PI040298AD5I210985,2018-10-15 22:26:29,0.36,0.1,22.27,16.4
Flower power 0F48,PI040298AD5I210985,2018-10-15 22:41:29,0.36,0.1,22.52,15.29
Flower power 0F48,PI040298AD5I210985,2018-10-15 22:56:29,0.36,0.1,22.27,13.34
Flower power 0F48,PI040298AD5I210985,2018-10-15 23:11:29,0.36,0.1,22.02,12.5
Flower power 0F48,PI040298AD5I210985,2018-10-15 23:26:29,0.36,0.1,22.14,14.16
Flower power 0F48,PI040298AD5I210985,2018-10-15 23:41:29,0.36,0.1,22.14,13.84
Flower power 0F48,PI040298AD5I210985,2018-10-15 23:56:29,0.36,0.1,21.89,15.45
Flower power 0F48,PI040298AD5I210985,2018-10-16 00:11:29,0.36,0.1,22.01,15.19
Flower power 0F48,PI040298AD5I210985,2018-10-16 00:26:29,0.36,0.1,22.14,14.65
Flower power 0F48,PI040298AD5I210985,2018-10-16 00:41:29,0.36,0.1,21.89,13.17
Flower power 0F48,PI040298AD5I210985,2018-10-16 00:56:29,0.36,0.1,22.14,14.49
Flower power 0F48,PI040298AD5I210985,2018-10-16 01:11:29,0.36,0.1,21.89,13.23
Flower power 0F48,PI040298AD5I210985,2018-10-16 01:26:29,0.36,0.1,22.27,13.06
Flower power 0F48,PI040298AD5I210985,2018-10-16 01:41:29,0.36,0.1,22.01,14.27
Flower power 0F48,PI040298AD5I210985,2018-10-16 01:56:29,0.36,0.1,22.01,13.73
Flower power 0F48,PI040298AD5I210985,2018-10-16 02:11:29,0.36,0.1,22.01,13.01
Flower power 0F48,PI040298AD5I210985,2018-10-16 02:26:29,0.36,0.1,22.14,14.65
Flower power 0F48,PI040298AD5I210985,2018-10-16 02:41:29,0.36,0.1,21.76,14.38
Flower power 0F48,PI040298AD5I210985,2018-10-16 02:56:29,0.36,0.1,21.76,14.38
Flower power 0F48,PI040298AD5I210985,2018-10-16 03:11:29,0.36,0.1,21.63,13.34
Flower power 0F48,PI040298AD5I210985,2018-10-16 03:26:29,0.36,0.1,21.88,15.29
Flower power 0F48,PI040298AD5I210985,2018-10-16 03:41:29,0.36,0.1,22.01,15.98
Flower power 0F48,PI040298AD5I210985,2018-10-16 03:56:29,0.36,0.1,21.5,16.4
Flower power 0F48,PI040298AD5I210985,2018-10-16 04:11:29,0.36,0.1,21.88,16.66
Flower power 0F48,PI040298AD5I210985,2018-10-16 04:26:29,0.36,0.1,21.5,16.66
Flower power 0F48,PI040298AD5I210985,2018-10-16 04:41:29,0.36,0.1,21.76,16.76
Flower power 0F48,PI040298AD5I210985,2018-10-16 04:56:29,0.36,0.1,21.63,16.86
Flower power 0F48,PI040298AD5I210985,2018-10-16 05:11:29,0.36,0.1,21.63,16.55
Flower power 0F48,PI040298AD5I210985,2018-10-16 05:26:29,0.36,0.1,21.76,16.81
Flower power 0F48,PI040298AD5I210985,2018-10-16 05:41:29,0.36,0.1,21.5,16.76
Flower power 0F48,PI040298AD5I210985,2018-10-16 05:56:29,0.36,0.1,21.88,16.03
Flower power 0F48,PI040298AD5I210985,2018-10-16 06:11:29,0.36,0.1,21.75,16.55
Flower power 0F48,PI040298AD5I210985,2018-10-16 06:26:29,0.36,0.1,21.25,16.4
Flower power 0F48,PI040298AD5I210985,2018-10-16 06:41:29,0.36,0.46,21.37,16.71
Flower power 0F48,PI040298AD5I210985,2018-10-16 06:56:29,0.36,1.98,21.75,16.97
Flower power 0F48,PI040298AD5I210985,2018-10-16 07:11:29,0.36,4.78,21.25,17.22
Flower power 0F48,PI040298AD5I210985,2018-10-16 07:26:29,0.36,5.74,21.25,16.34
Flower power 0F48,PI040298AD5I210985,2018-10-16 07:41:29,0.36,7.13,21.75,16.03
Flower power 0F48,PI040298AD5I210985,2018-10-16 07:56:29,0.36,14.0,21.5,17.88
Flower power 0F48,PI040298AD5I210985,2018-10-16 08:11:29,0.36,21.23,21.5,20.93
Flower power 0F48,PI040298AD5I210985,2018-10-16 08:26:29,0.36,24.2,21.12,22.02
Flower power 0F48,PI040298AD5I210985,2018-10-16 08:41:29,0.36,31.95,21.63,23.42
Flower power 0F48,PI040298AD5I210985,2018-10-16 08:56:29,0.36,82.92,21.63,31.73
Flower power 0F48,PI040298AD5I210985,2018-10-16 09:11:29,0.36,38.18,21.62,27.31
Flower power 0F48,PI040298AD5I210985,2018-10-16 09:26:29,0.36,16.53,21.24,23.33
Flower power 0F48,PI040298AD5I210985,2018-10-16 09:41:29,0.36,15.12,21.24,21.69
Flower power 0F48,PI040298AD5I210985,2018-10-16 09:56:29,0.36,24.45,20.99,22.49
Flower power 0F48,PI040298AD5I210985,2018-10-16 10:11:29,0.36,8.7,21.37,20.69
Flower power 0F48,PI040298AD5I210985,2018-10-16 10:26:29,0.36,38.18,21.37,23.0
Flower power 0F48,PI040298AD5I210985,2018-10-16 10:41:29,0.36,24.39,21.37,23.97
Flower power 0F48,PI040298AD5I210985,2018-10-16 10:56:29,0.36,17.44,21.5,22.02
Flower power 0F48,PI040298AD5I210985,2018-10-16 11:11:29,0.36,15.09,21.11,22.35
Flower power 0F48,PI040298AD5I210985,2018-10-16 11:26:29,0.36,18.16,21.37,22.35
Flower power 0F48,PI040298AD5I210985,2018-10-16 11:41:29,0.36,22.79,21.24,22.16
Flower power 0F48,PI040298AD5I210985,2018-10-16 11:56:29,0.36,40.93,20.99,24.43
Flower power 0F48,PI040298AD5I210985,2018-10-16 12:11:29,0.36,44.7,20.99,25.29
Flower power 0F48,PI040298AD5I210985,2018-10-16 12:26:29,0.36,24.2,21.11,23.14
Flower power 0F48,PI040298AD5I210985,2018-10-16 12:41:29,0.36,25.17,21.24,22.4
Flower power 0F48,PI040298AD5I210985,2018-10-16 12:56:29,0.36,36.17,21.37,23.47
Flower power 0F48,PI040298AD5I210985,2018-10-16 13:11:29,0.36,55.61,20.99,26.37
Flower power 0F48,PI040298AD5I210985,2018-10-16 13:26:29,0.36,35.64,21.11,25.65
Flower power 0F48,PI040298AD5I210985,2018-10-16 13:41:29,0.36,28.34,21.24,24.02
Flower power 0F48,PI040298AD5I210985,2018-10-16 13:56:29,0.36,46.4,21.24,25.83
Flower power 0F48,PI040298AD5I210985,2018-10-16 14:11:29,0.36,55.3,21.11,26.33
Flower power 0F48,PI040298AD5I210985,2018-10-16 14:26:29,0.36,26.89,21.11,25.11
Flower power 0F48,PI040298AD5I210985,2018-10-16 14:41:29,0.36,24.77,20.73,24.89
Flower power 0F48,PI040298AD5I210985,2018-10-16 14:56:29,0.36,32.72,20.86,23.37
Flower power 0F48,PI040298AD5I210985,2018-10-16 15:11:29,0.36,9.28,20.86,23.1
Flower power 0F48,PI040298AD5I210985,2018-10-16 15:26:29,0.36,11.99,20.98,21.55
Flower power 0F48,PI040298AD5I210985,2018-10-16 15:41:29,0.36,24.58,20.98,22.58
Flower power 0F48,PI040298AD5I210985,2018-10-16 15:56:29,0.36,21.09,21.11,23.1
Flower power 0F48,PI040298AD5I210985,2018-10-16 16:11:29,0.36,16.84,20.85,22.86
Flower power 0F48,PI040298AD5I210985,2018-10-16 16:26:29,0.36,9.77,21.11,20.79
Flower power 0F48,PI040298AD5I210985,2018-10-16 16:41:29,0.36,10.33,20.98,20.83
Flower power 0F48,PI040298AD5I210985,2018-10-16 16:56:29,0.36,8.85,20.85,21.41
Flower power 0F48,PI040298AD5I210985,2018-10-16 17:11:29,0.36,5.85,20.6,19.72
Flower power 0F48,PI040298AD5I210985,2018-10-16 17:26:29,0.36,3.26,20.73,18.19
Flower power 0F48,PI040298AD5I210985,2018-10-16 17:41:29,0.36,2.2,20.6,17.93
Flower power 0F48,PI040298AD5I210985,2018-10-16 17:56:29,0.36,0.6,20.47,17.17
Flower power 0F48,PI040298AD5I210985,2018-10-16 18:11:29,0.36,0.1,20.72,16.81
Flower power 0F48,PI040298AD5I210985,2018-10-16 18:26:29,0.36,0.1,20.47,16.55
Flower power 0F48,PI040298AD5I210985,2018-10-16 18:41:29,0.36,0.1,20.85,16.45
Flower power 0F48,PI040298AD5I210985,2018-10-16 18:56:29,0.36,0.1,20.72,16.14
Flower power 0F48,PI040298AD5I210985,2018-10-16 19:11:29,0.36,0.1,20.47,16.03
Flower power 0F48,PI040298AD5I210985,2018-10-16 19:26:29,0.36,0.1,20.6,16.29
Flower power 0F48,PI040298AD5I210985,2018-10-16 19:41:29,0.36,0.1,20.6,16.24
Flower power 0F48,PI040298AD5I210985,2018-10-16 19:56:29,0.36,0.1,20.72,16.08
Flower power 0F48,PI040298AD5I210985,2018-10-16 20:11:29,0.36,0.1,20.6,15.82
Flower power 0F48,PI040298AD5I210985,2018-10-16 20:26:29,0.36,0.1,20.73,15.77
Flower power 0F48,PI040298AD5I210985,2018-10-16 20:41:29,0.36,0.1,20.47,15.19
Flower power 0F48,PI040298AD5I210985,2018-10-16 20:56:29,0.36,0.1,20.47,14.92
Flower power 0F48,PI040298AD5I210985,2018-10-16 21:11:29,0.36,0.1,20.6,14.43
Flower power 0F48,PI040298AD5I210985,2018-10-16 21:26:29,0.36,0.1,20.6,14.49
Flower power 0F48,PI040298AD5I210985,2018-10-16 21:41:29,0.36,0.1,20.21,12.95
Flower power 0F48,PI040298AD5I210985,2018-10-16 21:56:29,0.36,0.1,20.6,12.56
Flower power 0F48,PI040298AD5I210985,2018-10-16 22:11:29,0.36,0.1,20.47,13.67
Flower power 0F48,PI040298AD5I210985,2018-10-16 22:26:29,0.36,0.1,20.47,13.17
Flower power 0F48,PI040298AD5I210985,2018-10-16 22:41:29,0.36,0.1,20.34,13.73
Flower power 0F48,PI040298AD5I210985,2018-10-16 22:56:29,0.36,0.1,20.34,14.92
Flower power 0F48,PI040298AD5I210985,2018-10-16 23:11:29,0.36,0.1,20.6,14.22
Flower power 0F48,PI040298AD5I210985,2018-10-16 23:26:29,0.36,0.1,20.47,12.62
Flower power 0F48,PI040298AD5I210985,2018-10-16 23:41:29,0.36,0.1,20.47,12.33
Flower power 0F48,PI040298AD5I210985,2018-10-16 23:56:29,0.36,0.1,20.21,11.59
Flower power 0F48,PI040298AD5I210985,2018-10-17 00:11:29,0.36,0.1,20.72,11.94
Flower power 0F48,PI040298AD5I210985,2018-10-17 00:26:29,0.36,0.1,20.47,10.78
Flower power 0F48,PI040298AD5I210985,2018-10-17 00:41:29,0.36,0.1,20.47,11.07
Flower power 0F48,PI040298AD5I210985,2018-10-17 00:56:29,0.36,0.1,20.21,10.49
Flower power 0F48,PI040298AD5I210985,2018-10-17 01:11:29,0.36,0.1,20.21,10.43
Flower power 0F48,PI040298AD5I210985,2018-10-17 01:26:29,0.36,0.1,20.72,10.13
Flower power 0F48,PI040298AD5I210985,2018-10-17 01:41:29,0.36,0.1,20.59,9.9
Flower power 0F48,PI040298AD5I210985,2018-10-17 01:56:29,0.36,0.1,20.47,10.19
Flower power 0F48,PI040298AD5I210985,2018-10-17 02:11:29,0.36,0.1,20.47,9.96
Flower power 0F48,PI040298AD5I210985,2018-10-17 02:26:29,0.36,0.1,20.21,9.48
Flower power 0F48,PI040298AD5I210985,2018-10-17 02:41:29,0.36,0.1,20.59,9.3
Flower power 0F48,PI040298AD5I210985,2018-10-17 02:56:29,0.36,0.1,20.59,9.42
Flower power 0F48,PI040298AD5I210985,2018-10-17 03:11:29,0.36,0.1,20.34,9.72
Flower power 0F48,PI040298AD5I210985,2018-10-17 03:26:29,0.36,0.1,20.47,9.66
Flower power 0F48,PI040298AD5I210985,2018-10-17 03:41:29,0.36,0.1,20.21,9.36
Flower power 0F48,PI040298AD5I210985,2018-10-17 03:56:29,0.36,0.1,20.47,9.66
Flower power 0F48,PI040298AD5I210985,2018-10-17 04:11:29,0.36,0.1,19.95,9.48
Flower power 0F48,PI040298AD5I210985,2018-10-17 04:26:29,0.36,0.1,20.21,9.9
Flower power 0F48,PI040298AD5I210985,2018-10-17 04:41:29,0.36,0.1,20.21,10.9
Flower power 0F48,PI040298AD5I210985,2018-10-17 04:56:29,0.36,0.1,20.08,10.37
Flower power 0F48,PI040298AD5I210985,2018-10-17 05:11:29,0.36,0.1,20.08,9.9
Flower power 0F48,PI040298AD5I210985,2018-10-17 05:26:29,0.36,0.1,20.34,9.72
Flower power 0F48,PI040298AD5I210985,2018-10-17 05:41:29,0.36,0.1,20.34,9.48
Flower power 0F48,PI040298AD5I210985,2018-10-17 05:56:29,0.36,0.1,20.08,9.6
Flower power 0F48,PI040298AD5I210985,2018-10-17 06:11:29,0.36,0.1,19.95,10.19
Flower power 0F48,PI040298AD5I210985,2018-10-17 06:26:29,0.36,0.1,20.34,10.13
Flower power 0F48,PI040298AD5I210985,2018-10-17 06:41:29,0.36,0.54,20.34,10.78
Flower power 0F48,PI040298AD5I210985,2018-10-17 06:56:29,0.36,2.05,19.82,11.25
Flower power 0F48,PI040298AD5I210985,2018-10-17 07:11:29,0.36,3.83,20.34,11.59
Flower power 0F48,PI040298AD5I210985,2018-10-17 07:26:29,0.36,5.34,20.21,12.05
Flower power 0F48,PI040298AD5I210985,2018-10-17 07:41:29,0.36,6.67,20.33,13.17
Flower power 0F48,PI040298AD5I210985,2018-10-17 07:56:29,0.36,9.35,20.08,15.24
Flower power 0F48,PI040298AD5I210985,2018-10-17 08:11:29,0.36,23.3,20.21,17.32
Flower power 0F48,PI040298AD5I210985,2018-10-17 08:26:29,0.36,44.91,19.82,19.87
Flower power 0F48,PI040298AD5I210985,2018-10-17 08:41:29,0.36,47.3,20.21,23.47
Flower power 0F48,PI040298AD5I210985,2018-10-17 08:56:29,0.36,59.29,20.2,27.67
Flower power 0F48,PI040298AD5I210985,2018-10-17 09:11:29,0.36,60.37,19.69,28.64
Flower power 0F48,PI040298AD5I210985,2018-10-17 09:26:29,0.36,59.29,20.07,30.72
Flower power 0F48,PI040298AD5I210985,2018-10-17 09:41:29,0.36,72.72,20.33,33.92
Flower power 0F48,PI040298AD5I210985,2018-10-17 09:56:29,0.36,73.79,20.07,36.09
Flower power 0F48,PI040298AD5I210985,2018-10-17 10:11:29,0.36,80.92,20.07,37.1
Flower power 0F48,PI040298AD5I210985,2018-10-17 10:26:29,0.36,85.02,19.81,39.7
Flower power 0F48,PI040298AD5I210985,2018-10-17 10:41:29,0.36,89.53,19.94,39.22
Flower power 0F48,PI040298AD5I210985,2018-10-17 10:56:29,0.36,93.67,20.2,40.33
Flower power 0F48,PI040298AD5I210985,2018-10-17 11:11:29,0.36,91.97,20.07,42.31
Flower power 0F48,PI040298AD5I210985,2018-10-17 11:26:29,0.36,101.11,19.55,40.72
Flower power 0F48,PI040298AD5I210985,2018-10-17 11:41:29,0.36,104.21,20.07,40.48
Flower power 0F48,PI040298AD5I210985,2018-10-17 11:56:29,0.36,107.49,19.55,41.81
Flower power 0F48,PI040298AD5I210985,2018-10-17 12:11:29,0.36,106.38,19.94,40.77
Flower power 0F48,PI040298AD5I210985,2018-10-17 12:26:29,0.36,107.49,19.94,40.57
Flower power 0F48,PI040298AD5I210985,2018-10-17 12:41:29,0.36,107.49,19.81,39.99
Flower power 0F48,PI040298AD5I210985,2018-10-17 12:56:29,0.36,105.28,19.93,40.48
Flower power 0F48,PI040298AD5I210985,2018-10-17 13:11:29,0.36,84.31,19.68,39.08
Flower power 0F48,PI040298AD5I210985,2018-10-17 13:26:29,0.36,13.17,19.55,30.98
Flower power 0F48,PI040298AD5I210985,2018-10-17 13:41:29,0.36,13.79,19.8,29.75
Flower power 0F48,PI040298AD5I210985,2018-10-17 13:56:29,0.36,92.81,19.93,33.11
Flower power 0F48,PI040298AD5I210985,2018-10-17 14:11:29,0.36,87.22,19.8,32.31
Flower power 0F48,PI040298AD5I210985,2018-10-17 14:26:29,0.36,14.45,19.68,26.64
Flower power 0F48,PI040298AD5I210985,2018-10-17 14:41:29,0.36,10.47,19.42,21.55
Flower power 0F48,PI040298AD5I210985,2018-10-17 14:56:29,0.36,10.11,19.68,20.35
Flower power 0F48,PI040298AD5I210985,2018-10-17 15:11:29,0.36,9.38,19.68,19.82
Flower power 0F48,PI040298AD5I210985,2018-10-17 15:26:29,0.36,8.93,19.68,19.57
Flower power 0F48,PI040298AD5I210985,2018-10-17 15:41:29,0.36,8.6,19.68,19.28
Flower power 0F48,PI040298AD5I210985,2018-10-17 15:56:29,0.36,8.1,19.68,19.23
Flower power 0F48,PI040298AD5I210985,2018-10-17 16:11:29,0.36,8.06,19.42,19.08
Flower power 0F48,PI040298AD5I210985,2018-10-17 16:26:29,0.36,7.57,19.68,18.69
Flower power 0F48,PI040298AD5I210985,2018-10-17 16:41:29,0.36,6.98,19.68,18.13
Flower power 0F48,PI040298AD5I210985,2018-10-17 16:56:29,0.36,6.17,19.29,17.73
Flower power 0F48,PI040298AD5I210985,2018-10-17 17:11:29,0.36,5.09,19.81,17.22
Flower power 0F48,PI040298AD5I210985,2018-10-17 17:26:29,0.36,3.74,19.56,16.66
Flower power 0F48,PI040298AD5I210985,2018-10-17 17:41:29,0.36,1.89,19.56,16.24
Flower power 0F48,PI040298AD5I210985,2018-10-17 17:56:29,0.36,0.5,19.43,15.5
Flower power 0F48,PI040298AD5I210985,2018-10-17 18:11:29,0.36,0.1,19.43,15.35
Flower power 0F48,PI040298AD5I210985,2018-10-17 18:26:29,0.36,0.1,19.3,15.24
Flower power 0F48,PI040298AD5I210985,2018-10-17 18:41:29,0.36,0.1,19.56,15.5
Flower power 0F48,PI040298AD5I210985,2018-10-17 18:56:29,0.36,0.1,19.55,16.29
Flower power 0F48,PI040298AD5I210985,2018-10-17 19:11:29,0.36,0.1,19.43,16.55
Flower power 0F48,PI040298AD5I210985,2018-10-17 19:26:29,0.36,0.1,19.68,16.97
Flower power 0F48,PI040298AD5I210985,2018-10-17 19:41:29,0.36,0.1,19.43,17.02
Flower power 0F48,PI040298AD5I210985,2018-10-17 19:56:29,0.36,0.1,19.3,17.02
Flower power 0F48,PI040298AD5I210985,2018-10-17 20:11:29,0.36,0.1,19.3,16.86
Flower power 0F48,PI040298AD5I210985,2018-10-17 20:26:29,0.36,0.1,19.3,16.45
Flower power 0F48,PI040298AD5I210985,2018-10-17 20:41:29,0.36,0.1,19.29,15.72
Flower power 0F48,PI040298AD5I210985,2018-10-17 20:56:29,0.36,0.1,19.29,14.76
Flower power 0F48,PI040298AD5I210985,2018-10-17 21:11:29,0.36,0.1,19.3,15.03
Flower power 0F48,PI040298AD5I210985,2018-10-17 21:26:29,0.36,0.1,19.42,15.45
Flower power 0F48,PI040298AD5I210985,2018-10-17 21:41:29,0.36,0.1,19.29,15.61
Flower power 0F48,PI040298AD5I210985,2018-10-17 21:56:29,0.36,0.1,19.42,15.5
Flower power 0F48,PI040298AD5I210985,2018-10-17 22:11:29,0.36,0.1,19.16,15.13
Flower power 0F48,PI040298AD5I210985,2018-10-17 22:26:29,0.36,0.1,19.42,14.6
Flower power 0F48,PI040298AD5I210985,2018-10-17 22:41:29,0.36,0.1,19.3,14.22
Flower power 0F48,PI040298AD5I210985,2018-10-17 22:56:29,0.36,0.1,19.3,14.22
Flower power 0F48,PI040298AD5I210985,2018-10-17 23:11:29,0.36,0.1,19.16,14.6
Flower power 0F48,PI040298AD5I210985,2018-10-17 23:26:29,0.36,0.1,19.42,14.22
Flower power 0F48,PI040298AD5I210985,2018-10-17 23:41:29,0.36,0.1,19.42,12.95
Flower power 0F48,PI040298AD5I210985,2018-10-17 23:56:29,0.36,0.1,19.3,12.67
Flower power 0F48,PI040298AD5I210985,2018-10-18 00:11:29,0.36,0.1,19.3,14.05
Flower power 0F48,PI040298AD5I210985,2018-10-18 00:26:29,0.36,0.1,19.17,14.65
Flower power 0F48,PI040298AD5I210985,2018-10-18 00:41:29,0.36,0.1,19.04,14.81
Flower power 0F48,PI040298AD5I210985,2018-10-18 00:56:29,0.36,0.1,19.29,14.6
Flower power 0F48,PI040298AD5I210985,2018-10-18 01:11:29,0.36,0.1,19.29,13.4
Flower power 0F48,PI040298AD5I210985,2018-10-18 01:26:29,0.36,0.1,19.16,13.23
Flower power 0F48,PI040298AD5I210985,2018-10-18 01:41:29,0.36,0.1,19.42,13.12
Flower power 0F48,PI040298AD5I210985,2018-10-18 01:56:29,0.36,0.1,19.29,12.95
Flower power 0F48,PI040298AD5I210985,2018-10-18 02:11:29,0.36,0.1,19.16,12.56
Flower power 0F48,PI040298AD5I210985,2018-10-18 02:26:29,0.36,0.1,19.55,11.76
Flower power 0F48,PI040298AD5I210985,2018-10-18 02:41:29,0.36,0.1,19.16,12.11
Flower power 0F48,PI040298AD5I210985,2018-10-18 02:56:29,0.36,0.1,19.42,11.71
Flower power 0F48,PI040298AD5I210985,2018-10-18 03:11:29,0.36,0.1,19.16,11.94
Flower power 0F48,PI040298AD5I210985,2018-10-18 03:26:29,0.36,0.1,19.42,11.42
Flower power 0F48,PI040298AD5I210985,2018-10-18 03:41:29,0.36,0.1,19.03,10.43
Flower power 0F48,PI040298AD5I210985,2018-10-18 03:56:29,0.36,0.1,19.42,11.65
Flower power 0F48,PI040298AD5I210985,2018-10-18 04:11:29,0.36,0.1,19.68,11.3
Flower power 0F48,PI040298AD5I210985,2018-10-18 04:26:29,0.36,0.1,19.29,10.13
Flower power 0F48,PI040298AD5I210985,2018-10-18 04:41:29,0.36,0.1,19.42,9.84
Flower power 0F48,PI040298AD5I210985,2018-10-18 04:56:29,0.36,0.1,19.03,12.45
Flower power 0F48,PI040298AD5I210985,2018-10-18 05:11:29,0.36,0.1,19.85,12.67
Flower power 0F48,PI040298AD5I210985,2018-10-18 05:26:29,0.36,0.1,27.5,12.33
Flower power 0F48,PI040298AD5I210985,2018-10-18 05:41:29,0.36,0.1,27.47,11.07
Flower power 0F48,PI040298AD5I210985,2018-10-18 05:56:29,0.36,0.1,26.96,10.13
Flower power 0F48,PI040298AD5I210985,2018-10-18 06:11:29,0.36,0.1,26.09,9.6
Flower power 0F48,PI040298AD5I210985,2018-10-18 06:26:29,0.36,0.1,26.33,9.96
Flower power 0F48,PI040298AD5I210985,2018-10-18 06:41:29,0.36,0.31,25.83,10.9
Flower power 0F48,PI040298AD5I210985,2018-10-18 06:56:29,0.36,2.15,26.89,12.45
Flower power 0F48,PI040298AD5I210985,2018-10-18 07:11:29,0.36,4.78,28.11,12.95
Flower power 0F48,PI040298AD5I210985,2018-10-18 07:26:29,0.36,21.19,28.97,16.66
Flower power 0F48,PI040298AD5I210985,2018-10-18 07:41:29,0.42,12.64,31.6,16.19
Flower power 0F48,PI040298AD5I210985,2018-10-18 07:56:29,0.42,11.1,30.25,16.45
Flower power 0F48,PI040298AD5I210985,2018-10-18 08:11:29,0.42,14.99,29.02,16.03
Flower power 0F48,PI040298AD5I210985,2018-10-18 08:26:29,0.42,18.09,28.4,18.49
Flower power 0F48,PI040298AD5I210985,2018-10-18 08:41:29,0.42,26.97,28.4,19.03
Flower power 0F48,PI040298AD5I210985,2018-10-18 08:56:29,0.42,18.64,28.16,19.13
Flower power 0F48,PI040298AD5I210985,2018-10-18 09:11:29,0.42,19.42,27.55,18.54
Flower power 0F48,PI040298AD5I210985,2018-10-18 09:26:29,0.42,34.74,27.54,20.4
Flower power 0F48,PI040298AD5I210985,2018-10-18 09:41:29,0.42,32.94,27.42,21.22
Flower power 0F48,PI040298AD5I210985,2018-10-18 09:56:29,0.42,58.24,27.05,23.79
Flower power 0F48,PI040298AD5I210985,2018-10-18 10:11:29,0.42,47.76,27.04,19.96
Flower power 0F48,PI040298AD5I210985,2018-10-18 10:26:29,0.42,47.53,27.04,21.41
Flower power 0F48,PI040298AD5I210985,2018-10-18 10:41:29,0.42,80.92,26.55,27.84
Flower power 0F48,PI040298AD5I210985,2018-10-18 10:56:29,0.42,27.92,26.43,21.26
Flower power 0F48,PI040298AD5I210985,2018-10-18 11:11:29,0.42,49.21,26.67,22.07
Flower power 0F48,PI040298AD5I210985,2018-10-18 11:26:29,0.42,42.55,26.3,22.58
Flower power 0F48,PI040298AD5I210985,2018-10-18 11:41:29,0.42,51.26,26.42,22.63
Flower power 0F48,PI040298AD5I210985,2018-10-18 11:56:29,0.42,28.0,25.93,20.69
Flower power 0F48,PI040298AD5I210985,2018-10-18 12:11:29,0.42,33.17,25.56,21.17
Flower power 0F48,PI040298AD5I210985,2018-10-18 12:26:29,0.42,29.21,25.68,21.36
Flower power 0F48,PI040298AD5I210985,2018-10-18 12:41:29,0.42,26.44,25.68,19.33
Flower power 0F48,PI040298AD5I210985,2018-10-18 12:56:29,0.42,52.64,25.55,23.79
Flower power 0F48,PI040298AD5I210985,2018-10-18 13:11:29,0.42,33.88,25.43,22.07
Flower power 0F48,PI040298AD5I210985,2018-10-18 13:26:29,0.42,37.01,25.3,22.63
Flower power 0F48,PI040298AD5I210985,2018-10-18 13:41:29,0.42,31.22,25.18,20.01
Flower power 0F48,PI040298AD5I210985,2018-10-18 13:56:29,0.42,59.64,25.05,22.26
Flower power 0F48,PI040298AD5I210985,2018-10-18 14:11:29,0.42,29.12,24.93,21.74
Flower power 0F48,PI040298AD5I210985,2018-10-18 14:26:29,0.42,15.42,24.68,19.48
Flower power 0F48,PI040298AD5I210985,2018-10-18 14:41:29,0.42,22.79,24.68,19.18
Flower power 0F48,PI040298AD5I210985,2018-10-18 14:56:29,0.42,14.02,24.67,19.43
Flower power 0F48,PI040298AD5I210985,2018-10-18 15:11:29,0.42,6.83,24.55,16.55
Flower power 0F48,PI040298AD5I210985,2018-10-18 15:26:29,0.42,7.51,24.17,15.98
Flower power 0F48,PI040298AD5I210985,2018-10-18 15:41:29,0.42,10.5,24.17,16.45
Flower power 0F48,PI040298AD5I210985,2018-10-18 15:56:29,0.42,18.56,23.92,17.73
Flower power 0F48,PI040298AD5I210985,2018-10-18 16:11:29,0.42,10.31,24.05,18.24
Flower power 0F48,PI040298AD5I210985,2018-10-18 16:26:29,0.42,6.48,24.04,17.32
Flower power 0F48,PI040298AD5I210985,2018-10-18 16:41:29,0.42,8.11,24.17,17.53
Flower power 0F48,PI040298AD5I210985,2018-10-18 16:56:29,0.42,6.86,23.79,17.88
Flower power 0F48,PI040298AD5I210985,2018-10-18 17:11:29,0.42,2.98,23.92,17.38
Flower power 0F48,PI040298AD5I210985,2018-10-18 17:26:29,0.42,1.6,23.92,16.76
Flower power 0F48,PI040298AD5I210985,2018-10-18 17:41:29,0.42,0.69,23.92,16.6
Flower power 0F48,PI040298AD5I210985,2018-10-18 17:56:29,0.42,0.16,23.54,16.45
Flower power 0F48,PI040298AD5I210985,2018-10-18 18:11:29,0.42,0.1,23.79,16.5
Flower power 0F48,PI040298AD5I210985,2018-10-18 18:26:29,0.42,0.1,23.67,14.92
Flower power 0F48,PI040298AD5I210985,2018-10-18 18:41:29,0.42,0.1,23.67,13.28
Flower power 0F48,PI040298AD5I210985,2018-10-18 18:56:29,0.42,0.1,23.29,13.12
Flower power 0F48,PI040298AD5I210985,2018-10-18 19:11:29,0.42,0.1,23.79,13.4
Flower power 0F48,PI040298AD5I210985,2018-10-18 19:26:29,0.42,0.1,23.79,14.81
Flower power 0F48,PI040298AD5I210985,2018-10-18 19:41:29,0.42,0.1,23.54,15.5
Flower power 0F48,PI040298AD5I210985,2018-10-18 19:56:29,0.42,0.1,23.29,15.93
Flower power 0F48,PI040298AD5I210985,2018-10-18 20:11:29,0.42,0.1,23.54,15.66
Flower power 0F48,PI040298AD5I210985,2018-10-18 20:26:29,0.42,0.1,23.41,14.81
Flower power 0F48,PI040298AD5I210985,2018-10-18 20:41:29,0.42,0.1,23.28,15.4
Flower power 0F48,PI040298AD5I210985,2018-10-18 20:56:29,0.42,0.1,23.41,15.61
Flower power 0F48,PI040298AD5I210985,2018-10-18 21:11:29,0.42,0.1,23.68,15.45
Flower power 0F48,PI040298AD5I210985,2018-10-18 21:26:29,0.42,0.1,23.82,15.45
Flower power 0F48,PI040298AD5I210985,2018-10-18 21:41:29,0.42,0.1,24.09,15.08
Flower power 0F48,PI040298AD5I210985,2018-10-18 21:56:29,0.42,0.1,24.45,14.87
Flower power 0F48,PI040298AD5I210985,2018-10-18 22:11:29,0.42,0.1,24.33,14.16
Flower power 0F48,PI040298AD5I210985,2018-10-18 22:26:29,0.42,0.1,24.57,14.65
Flower power 0F48,PI040298AD5I210985,2018-10-18 22:41:29,0.42,0.1,24.45,14.81
Flower power 0F48,PI040298AD5I210985,2018-10-18 22:56:29,0.42,0.1,24.07,15.03
Flower power 0F48,PI040298AD5I210985,2018-10-18 23:11:29,0.42,0.1,24.07,15.03
Flower power 0F48,PI040298AD5I210985,2018-10-18 23:26:29,0.42,0.1,23.94,14.92
Flower power 0F48,PI040298AD5I210985,2018-10-18 23:41:29,0.42,0.1,24.07,14.87
Flower power 0F48,PI040298AD5I210985,2018-10-18 23:56:29,0.42,0.1,24.19,14.81
Flower power 0F48,PI040298AD5I210985,2018-10-19 00:11:29,0.42,0.1,24.06,14.92
Flower power 0F48,PI040298AD5I210985,2018-10-19 00:26:29,0.42,0.1,24.06,14.87
Flower power 0F48,PI040298AD5I210985,2018-10-19 00:41:29,0.42,0.1,23.81,13.89
Flower power 0F48,PI040298AD5I210985,2018-10-19 00:56:29,0.42,0.1,23.69,13.23
Flower power 0F48,PI040298AD5I210985,2018-10-19 01:11:29,0.42,0.1,24.18,13.28
Flower power 0F48,PI040298AD5I210985,2018-10-19 01:26:29,0.42,0.1,23.93,14.22
Flower power 0F48,PI040298AD5I210985,2018-10-19 01:41:29,0.42,0.1,23.68,14.05
Flower power 0F48,PI040298AD5I210985,2018-10-19 01:56:29,0.42,0.1,23.93,14.38
Flower power 0F48,PI040298AD5I210985,2018-10-19 02:11:29,0.42,0.1,23.81,14.33
Flower power 0F48,PI040298AD5I210985,2018-10-19 02:26:29,0.42,0.1,23.93,14.49
Flower power 0F48,PI040298AD5I210985,2018-10-19 02:41:29,0.42,0.1,24.05,14.6
Flower power 0F48,PI040298AD5I210985,2018-10-19 02:56:29,0.42,0.1,23.93,14.6
Flower power 0F48,PI040298AD5I210985,2018-10-19 03:11:29,0.42,0.1,23.56,14.65
Flower power 0F48,PI040298AD5I210985,2018-10-19 03:26:29,0.42,0.1,23.68,14.81
Flower power 0F48,PI040298AD5I210985,2018-10-19 03:41:29,0.42,0.1,23.68,14.7
Flower power 0F48,PI040298AD5I210985,2018-10-19 03:56:29,0.42,0.1,23.68,14.6
Flower power 0F48,PI040298AD5I210985,2018-10-19 04:11:29,0.42,0.1,23.31,14.7
Flower power 0F48,PI040298AD5I210985,2018-10-19 04:26:29,0.42,0.1,23.56,14.76
Flower power 0F48,PI040298AD5I210985,2018-10-19 04:41:29,0.42,0.1,24.36,14.7
Flower power 0F48,PI040298AD5I210985,2018-10-19 04:56:29,0.42,0.1,25.23,14.49
Flower power 0F48,PI040298AD5I210985,2018-10-19 05:11:29,0.42,0.1,25.59,14.6
Flower power 0F48,PI040298AD5I210985,2018-10-19 05:26:29,0.42,0.1,25.59,14.76
Flower power 0F48,PI040298AD5I210985,2018-10-19 05:41:29,0.42,0.1,26.51,14.97
Flower power 0F48,PI040298AD5I210985,2018-10-19 05:56:29,0.42,0.1,29.18,14.81
Flower power 0F48,PI040298AD5I210985,2018-10-19 06:11:29,0.42,0.1,29.54,14.7
Flower power 0F48,PI040298AD5I210985,2018-10-19 06:26:29,0.42,0.1,29.65,14.54
Flower power 0F48,PI040298AD5I210985,2018-10-19 06:41:29,0.42,0.1,29.04,14.6
Flower power 0F48,PI040298AD5I210985,2018-10-19 06:56:29,0.42,0.15,29.15,14.87
Flower power 0F48,PI040298AD5I210985,2018-10-19 07:11:29,0.42,0.56,29.02,14.92
Flower power 0F48,PI040298AD5I210985,2018-10-19 07:26:29,0.42,0.6,29.15,15.03
Flower power 0F48,PI040298AD5I210985,2018-10-19 07:41:29,0.42,1.11,29.64,15.24
Flower power 0F48,PI040298AD5I210985,2018-10-19 07:56:29,0.42,1.97,30.14,15.24
Flower power 0F48,PI040298AD5I210985,2018-10-19 08:11:29,0.36,3.95,30.5,15.45
Flower power 0F48,PI040298AD5I210985,2018-10-19 08:26:29,0.36,10.36,30.0,16.24
Flower power 0F48,PI040298AD5I210985,2018-10-19 08:41:29,0.36,57.56,29.14,20.01
Flower power 0F48,PI040298AD5I210985,2018-10-19 08:56:29,0.36,39.27,28.88,23.6
Flower power 0F48,PI040298AD5I210985,2018-10-19 09:11:29,0.36,39.43,28.51,23.37
Flower power 0F48,PI040298AD5I210985,2018-10-19 09:26:29,0.36,73.25,28.02,26.82
Flower power 0F48,PI040298AD5I210985,2018-10-19 09:41:29,0.36,76.03,27.65,29.0
Flower power 0F48,PI040298AD5I210985,2018-10-19 09:56:29,0.36,73.25,27.41,31.96
Flower power 0F48,PI040298AD5I210985,2018-10-19 10:11:29,0.36,47.3,27.04,28.77
Flower power 0F48,PI040298AD5I210985,2018-10-19 10:26:29,0.36,20.49,27.03,24.75
Flower power 0F48,PI040298AD5I210985,2018-10-19 10:41:29,0.36,78.4,26.66,32.76
Flower power 0F48,PI040298AD5I210985,2018-10-19 10:56:29,0.36,96.33,26.54,35.09
Flower power 0F48,PI040298AD5I210985,2018-10-19 11:11:29,0.36,88.75,26.29,33.56
Flower power 0F48,PI040298AD5I210985,2018-10-19 11:26:29,0.36,101.11,26.29,35.31
Flower power 0F48,PI040298AD5I210985,2018-10-19 11:41:29,0.36,103.16,25.92,34.95
Flower power 0F48,PI040298AD5I210985,2018-10-19 11:56:29,0.36,104.21,26.04,36.23
Flower power 0F48,PI040298AD5I210985,2018-10-19 12:11:29,0.36,106.38,25.92,36.96
Flower power 0F48,PI040298AD5I210985,2018-10-19 12:26:29,0.36,108.63,25.67,37.43
Flower power 0F48,PI040298AD5I210985,2018-10-19 12:41:29,0.36,110.99,25.8,38.55
Flower power 0F48,PI040298AD5I210985,2018-10-19 12:56:29,0.36,132.37,25.79,39.17
Flower power 0F48,PI040298AD5I210985,2018-10-19 13:11:29,0.36,118.68,25.3,34.41
Flower power 0F48,PI040298AD5I210985,2018-10-19 13:26:29,0.36,38.18,25.3,30.89
Flower power 0F48,PI040298AD5I210985,2018-10-19 13:41:29,0.36,18.9,25.18,25.79
Flower power 0F48,PI040298AD5I210985,2018-10-19 13:56:29,0.36,74.89,25.17,28.91
Flower power 0F48,PI040298AD5I210985,2018-10-19 14:11:29,0.36,87.98,24.93,31.29
Flower power 0F48,PI040298AD5I210985,2018-10-19 14:26:29,0.36,28.25,24.92,27.62
Flower power 0F48,PI040298AD5I210985,2018-10-19 14:41:29,0.36,23.77,24.55,23.33
Flower power 0F48,PI040298AD5I210985,2018-10-19 14:56:29,0.36,30.23,24.67,23.14
Flower power 0F48,PI040298AD5I210985,2018-10-19 15:11:29,0.36,31.02,24.92,23.74
Flower power 0F48,PI040298AD5I210985,2018-10-19 15:26:29,0.36,17.21,24.8,21.64
Flower power 0F48,PI040298AD5I210985,2018-10-19 15:41:29,0.36,15.99,24.42,21.41
Flower power 0F48,PI040298AD5I210985,2018-10-19 15:56:29,0.36,8.55,24.42,18.64
Flower power 0F48,PI040298AD5I210985,2018-10-19 16:11:29,0.36,8.05,24.55,17.98
Flower power 0F48,PI040298AD5I210985,2018-10-19 16:26:29,0.36,7.12,24.3,17.27
Flower power 0F48,PI040298AD5I210985,2018-10-19 16:41:29,0.36,6.39,24.54,16.71
Flower power 0F48,PI040298AD5I210985,2018-10-19 16:56:29,0.36,5.63,24.05,15.77
Flower power 0F48,PI040298AD5I210985,2018-10-19 17:11:29,0.36,4.65,24.29,15.19
Flower power 0F48,PI040298AD5I210985,2018-10-19 17:26:29,0.36,3.24,24.17,14.92
Flower power 0F48,PI040298AD5I210985,2018-10-19 17:41:29,0.36,1.43,24.17,13.4
Flower power 0F48,PI040298AD5I210985,2018-10-19 17:56:29,0.36,0.32,23.92,12.33
Flower power 0F48,PI040298AD5I210985,2018-10-19 18:11:29,0.36,0.1,24.29,11.76
Flower power 0F48,PI040298AD5I210985,2018-10-19 18:26:29,0.36,0.1,23.79,11.54
Flower power 0F48,PI040298AD5I210985,2018-10-19 18:41:29,0.36,0.1,23.79,11.54
Flower power 0F48,PI040298AD5I210985,2018-10-19 18:56:29,0.36,0.1,23.79,13.06
Flower power 0F48,PI040298AD5I210985,2018-10-19 19:11:29,0.36,0.1,24.16,13.56
Flower power 0F48,PI040298AD5I210985,2018-10-19 19:26:29,0.36,0.1,23.91,11.88
Flower power 0F48,PI040298AD5I210985,2018-10-19 19:41:29,0.36,0.1,23.91,11.25
Flower power 0F48,PI040298AD5I210985,2018-10-19 19:56:29,0.36,0.1,23.79,10.72
Flower power 0F48,PI040298AD5I210985,2018-10-19 20:11:29,0.36,0.1,23.41,10.61
Flower power 0F48,PI040298AD5I210985,2018-10-19 20:26:29,0.36,0.1,23.91,10.31
Flower power 0F48,PI040298AD5I210985,2018-10-19 20:41:29,0.36,0.1,23.91,10.08
Flower power 0F48,PI040298AD5I210985,2018-10-19 20:56:29,0.36,0.1,23.53,9.9
Flower power 0F48,PI040298AD5I210985,2018-10-19 21:11:29,0.36,0.1,23.53,10.08
Flower power 0F48,PI040298AD5I210985,2018-10-19 21:26:29,0.36,0.1,23.41,10.08
Flower power 0F48,PI040298AD5I210985,2018-10-19 21:41:29,0.36,0.1,23.53,10.61
Flower power 0F48,PI040298AD5I210985,2018-10-19 21:56:29,0.36,0.1,23.28,10.02
Flower power 0F48,PI040298AD5I210985,2018-10-19 22:11:29,0.36,0.1,23.28,9.9
Flower power 0F48,PI040298AD5I210985,2018-10-19 22:26:29,0.36,0.1,23.53,9.3
Flower power 0F48,PI040298AD5I210985,2018-10-19 22:41:29,0.36,0.1,23.78,9.54
Flower power 0F48,PI040298AD5I210985,2018-10-19 22:56:29,0.36,0.1,23.53,9.72
Flower power 0F48,PI040298AD5I210985,2018-10-19 23:11:29,0.36,0.1,23.4,9.66
Flower power 0F48,PI040298AD5I210985,2018-10-19 23:26:29,0.36,0.1,23.4,9.78
Flower power 0F48,PI040298AD5I210985,2018-10-19 23:41:29,0.36,0.1,23.28,9.24
Flower power 0F48,PI040298AD5I210985,2018-10-19 23:56:29,0.36,0.1,23.53,9.0
Flower power 0F48,PI040298AD5I210985,2018-10-20 00:11:29,0.36,0.1,23.15,8.87
Flower power 0F48,PI040298AD5I210985,2018-10-20 00:26:29,0.36,0.1,23.15,8.57
Flower power 0F48,PI040298AD5I210985,2018-10-20 00:41:29,0.36,0.1,23.28,8.69
Flower power 0F48,PI040298AD5I210985,2018-10-20 00:56:29,0.36,0.1,23.28,8.69
Flower power 0F48,PI040298AD5I210985,2018-10-20 01:11:29,0.36,0.1,23.15,8.2
Flower power 0F48,PI040298AD5I210985,2018-10-20 01:26:29,0.36,0.1,23.15,8.51
Flower power 0F48,PI040298AD5I210985,2018-10-20 01:41:29,0.36,0.1,23.4,8.2
Flower power 0F48,PI040298AD5I210985,2018-10-20 01:56:29,0.36,0.1,23.52,8.45
Flower power 0F48,PI040298AD5I210985,2018-10-20 02:11:29,0.36,0.1,23.15,9.6
Flower power 0F48,PI040298AD5I210985,2018-10-20 02:26:29,0.36,0.1,23.02,8.63
Flower power 0F48,PI040298AD5I210985,2018-10-20 02:41:29,0.36,0.1,22.9,8.51
Flower power 0F48,PI040298AD5I210985,2018-10-20 02:56:29,0.36,0.1,23.02,8.94
Flower power 0F48,PI040298AD5I210985,2018-10-20 03:11:29,0.36,0.1,23.02,8.63
Flower power 0F48,PI040298AD5I210985,2018-10-20 03:26:29,0.36,0.1,23.4,8.26
Flower power 0F48,PI040298AD5I210985,2018-10-20 03:41:29,0.36,0.1,23.27,8.26
Flower power 0F48,PI040298AD5I210985,2018-10-20 03:56:29,0.36,0.1,23.15,8.39
Flower power 0F48,PI040298AD5I210985,2018-10-20 04:11:29,0.36,0.1,23.02,8.39
Flower power 0F48,PI040298AD5I210985,2018-10-20 04:26:29,0.36,0.1,22.77,8.39
Flower power 0F48,PI040298AD5I210985,2018-10-20 04:41:29,0.36,0.1,22.9,8.51
Flower power 0F48,PI040298AD5I210985,2018-10-20 04:56:29,0.36,0.1,23.4,8.2
Flower power 0F48,PI040298AD5I210985,2018-10-20 05:11:29,0.36,0.1,22.77,8.87
Flower power 0F48,PI040298AD5I210985,2018-10-20 05:26:29,0.36,0.1,22.89,7.95
Flower power 0F48,PI040298AD5I210985,2018-10-20 05:41:29,0.36,0.1,22.89,8.45
Flower power 0F48,PI040298AD5I210985,2018-10-20 05:56:29,0.36,0.1,23.27,8.32
Flower power 0F48,PI040298AD5I210985,2018-10-20 06:11:29,0.36,0.1,22.64,8.02
Flower power 0F48,PI040298AD5I210985,2018-10-20 06:26:29,0.36,0.1,22.77,9.12
Flower power 0F48,PI040298AD5I210985,2018-10-20 06:41:29,0.36,0.28,23.15,9.48
Flower power 0F48,PI040298AD5I210985,2018-10-20 06:56:29,0.36,1.47,23.27,10.43
Flower power 0F48,PI040298AD5I210985,2018-10-20 07:11:29,0.36,3.31,22.77,11.13
Flower power 0F48,PI040298AD5I210985,2018-10-20 07:26:29,0.36,4.81,23.02,11.65
Flower power 0F48,PI040298AD5I210985,2018-10-20 07:41:29,0.36,6.91,22.77,12.33
Flower power 0F48,PI040298AD5I210985,2018-10-20 07:56:29,0.36,9.87,22.89,14.22
Flower power 0F48,PI040298AD5I210985,2018-10-20 08:11:29,0.36,20.53,23.14,15.56
Flower power 0F48,PI040298AD5I210985,2018-10-20 08:26:29,0.36,35.77,22.89,18.49
Flower power 0F48,PI040298AD5I210985,2018-10-20 08:41:29,0.36,49.45,22.77,21.03
Flower power 0F48,PI040298AD5I210985,2018-10-20 08:56:29,0.36,41.63,22.89,23.88
Flower power 0F48,PI040298AD5I210985,2018-10-20 09:11:29,0.36,63.06,22.89,24.16
Flower power 0F48,PI040298AD5I210985,2018-10-20 09:26:29,0.36,67.78,22.77,28.95
Flower power 0F48,PI040298AD5I210985,2018-10-20 09:41:29,0.36,25.93,22.77,22.72
Flower power 0F48,PI040298AD5I210985,2018-10-20 09:56:29,0.36,68.72,22.64,23.65
Flower power 0F48,PI040298AD5I210985,2018-10-20 10:11:29,0.36,94.54,22.77,30.81
Flower power 0F48,PI040298AD5I210985,2018-10-20 10:26:29,0.36,94.54,22.52,37.66
Flower power 0F48,PI040298AD5I210985,2018-10-20 10:41:29,0.36,94.54,22.52,33.78
Flower power 0F48,PI040298AD5I210985,2018-10-20 10:56:29,0.36,77.8,22.39,29.79
Flower power 0F48,PI040298AD5I210985,2018-10-20 11:11:29,0.36,75.46,22.52,34.1
Flower power 0F48,PI040298AD5I210985,2018-10-20 11:26:29,0.36,96.33,22.77,35.22
Flower power 0F48,PI040298AD5I210985,2018-10-20 11:41:29,0.36,112.2,22.39,38.98
Flower power 0F48,PI040298AD5I210985,2018-10-20 11:56:29,0.36,43.5,22.39,36.09
Flower power 0F48,PI040298AD5I210985,2018-10-20 12:11:29,0.36,53.79,22.39,34.19
Flower power 0F48,PI040298AD5I210985,2018-10-20 12:26:29,0.36,25.3,22.64,24.66
Flower power 0F48,PI040298AD5I210985,2018-10-20 12:41:29,0.36,96.33,22.77,35.72
Flower power 0F48,PI040298AD5I210985,2018-10-20 12:56:29,0.36,42.55,22.52,39.6
Flower power 0F48,PI040298AD5I210985,2018-10-20 13:11:29,0.36,109.8,22.52,28.73
Flower power 0F48,PI040298AD5I210985,2018-10-20 13:26:29,0.36,31.53,22.39,25.7
Flower power 0F48,PI040298AD5I210985,2018-10-20 13:41:29,0.36,14.77,22.27,23.97
Flower power 0F48,PI040298AD5I210985,2018-10-20 13:56:29,0.36,28.34,22.14,24.2
Flower power 0F48,PI040298AD5I210985,2018-10-20 14:11:29,0.36,17.74,22.27,23.93
Flower power 0F48,PI040298AD5I210985,2018-10-20 14:26:29,0.36,14.73,22.27,22.44
Flower power 0F48,PI040298AD5I210985,2018-10-20 14:41:29,0.36,24.14,22.27,24.02
Flower power 0F48,PI040298AD5I210985,2018-10-20 14:56:29,0.36,12.93,22.65,23.24
Flower power 0F48,PI040298AD5I210985,2018-10-20 15:11:29,0.36,14.0,22.39,23.0
Flower power 0F48,PI040298AD5I210985,2018-10-20 15:26:29,0.36,16.53,22.52,23.65
Flower power 0F48,PI040298AD5I210985,2018-10-20 15:41:29,0.36,27.36,22.27,24.11
Flower power 0F48,PI040298AD5I210985,2018-10-20 15:56:29,0.36,14.77,22.27,24.57
Flower power 0F48,PI040298AD5I210985,2018-10-20 16:11:29,0.36,9.74,22.39,21.79
Flower power 0F48,PI040298AD5I210985,2018-10-20 16:26:29,0.36,11.22,22.39,21.6
Flower power 0F48,PI040298AD5I210985,2018-10-20 16:41:29,0.36,9.34,22.14,20.4
Flower power 0F48,PI040298AD5I210985,2018-10-20 16:56:29,0.36,8.92,22.39,19.72
Flower power 0F48,PI040298AD5I210985,2018-10-20 17:11:29,0.36,5.64,22.27,19.18
Flower power 0F48,PI040298AD5I210985,2018-10-20 17:26:29,0.36,2.84,22.27,17.73
Flower power 0F48,PI040298AD5I210985,2018-10-20 17:41:29,0.36,1.12,22.01,16.5
Flower power 0F48,PI040298AD5I210985,2018-10-20 17:56:29,0.36,0.23,22.01,15.66
Flower power 0F48,PI040298AD5I210985,2018-10-20 18:11:29,0.36,0.1,22.26,14.38
Flower power 0F48,PI040298AD5I210985,2018-10-20 18:26:29,0.36,0.1,22.01,13.23
Flower power 0F48,PI040298AD5I210985,2018-10-20 18:41:29,0.36,0.1,22.26,11.99
Flower power 0F48,PI040298AD5I210985,2018-10-20 18:56:29,0.36,0.1,22.14,12.62
Flower power 0F48,PI040298AD5I210985,2018-10-20 19:11:29,0.36,0.1,22.26,14.11
Flower power 0F48,PI040298AD5I210985,2018-10-20 19:26:29,0.36,0.1,22.01,13.17
Flower power 0F48,PI040298AD5I210985,2018-10-20 19:41:29,0.36,0.1,22.01,12.84
Flower power 0F48,PI040298AD5I210985,2018-10-20 19:56:29,0.36,0.1,22.26,12.67
Flower power 0F48,PI040298AD5I210985,2018-10-20 20:11:29,0.36,0.1,22.26,11.94
Flower power 0F48,PI040298AD5I210985,2018-10-20 20:26:29,0.36,0.1,22.01,12.39
Flower power 0F48,PI040298AD5I210985,2018-10-20 20:41:29,0.36,0.1,22.26,11.99
Flower power 0F48,PI040298AD5I210985,2018-10-20 20:56:29,0.36,0.1,22.26,12.39
Flower power 0F48,PI040298AD5I210985,2018-10-20 21:11:29,0.36,0.1,21.76,11.99
Flower power 0F48,PI040298AD5I210985,2018-10-20 21:26:29,0.36,0.1,22.01,11.94
Flower power 0F48,PI040298AD5I210985,2018-10-20 21:41:29,0.36,0.1,22.14,12.33
Flower power 0F48,PI040298AD5I210985,2018-10-20 21:56:29,0.36,0.1,22.39,12.62
Flower power 0F48,PI040298AD5I210985,2018-10-20 22:11:29,0.36,0.1,21.88,12.78
Flower power 0F48,PI040298AD5I210985,2018-10-20 22:26:29,0.36,0.1,22.14,12.39
Flower power 0F48,PI040298AD5I210985,2018-10-20 22:41:29,0.36,0.1,21.88,12.05
Flower power 0F48,PI040298AD5I210985,2018-10-20 22:56:29,0.36,0.1,22.26,11.54
Flower power 0F48,PI040298AD5I210985,2018-10-20 23:11:29,0.36,0.1,22.01,11.59
Flower power 0F48,PI040298AD5I210985,2018-10-20 23:26:29,0.36,0.1,22.01,11.42
Flower power 0F48,PI040298AD5I210985,2018-10-20 23:41:29,0.36,0.1,22.26,11.19
Flower power 0F48,PI040298AD5I210985,2018-10-20 23:56:29,0.36,0.1,22.01,10.84
Flower power 0F48,PI040298AD5I210985,2018-10-21 00:11:29,0.36,0.1,21.88,10.84
Flower power 0F48,PI040298AD5I210985,2018-10-21 00:26:29,0.36,0.1,22.14,12.11
Flower power 0F48,PI040298AD5I210985,2018-10-21 00:41:29,0.36,0.1,21.63,11.99
Flower power 0F48,PI040298AD5I210985,2018-10-21 00:56:29,0.36,0.1,21.63,11.54
Flower power 0F48,PI040298AD5I210985,2018-10-21 01:11:29,0.36,0.1,21.88,12.73
Flower power 0F48,PI040298AD5I210985,2018-10-21 01:26:29,0.36,0.1,22.01,12.11
Flower power 0F48,PI040298AD5I210985,2018-10-21 01:41:29,0.36,0.1,22.13,11.76
Flower power 0F48,PI040298AD5I210985,2018-10-21 01:56:29,0.36,0.1,22.26,12.5
Flower power 0F48,PI040298AD5I210985,2018-10-21 02:11:29,0.36,0.1,22.01,12.67
Flower power 0F48,PI040298AD5I210985,2018-10-21 02:26:29,0.36,0.1,21.88,12.62
Flower power 0F48,PI040298AD5I210985,2018-10-21 02:41:29,0.36,0.1,22.01,12.95
Flower power 0F48,PI040298AD5I210985,2018-10-21 02:56:29,0.36,0.1,22.01,13.56
Flower power 0F48,PI040298AD5I210985,2018-10-21 03:11:29,0.36,0.1,22.26,14.05
Flower power 0F48,PI040298AD5I210985,2018-10-21 03:26:29,0.36,0.1,22.01,14.05
Flower power 0F48,PI040298AD5I210985,2018-10-21 03:41:29,0.36,0.1,22.26,14.27
Flower power 0F48,PI040298AD5I210985,2018-10-21 03:56:29,0.36,0.1,22.13,14.49
Flower power 0F48,PI040298AD5I210985,2018-10-21 04:11:29,0.36,0.1,21.63,14.65
Flower power 0F48,PI040298AD5I210985,2018-10-21 04:26:29,0.36,0.1,22.01,14.76
Flower power 0F48,PI040298AD5I210985,2018-10-21 04:41:29,0.36,0.1,21.75,14.65
Flower power 0F48,PI040298AD5I210985,2018-10-21 04:56:29,0.36,0.1,22.01,14.92
Flower power 0F48,PI040298AD5I210985,2018-10-21 05:11:29,0.36,0.1,21.75,14.87
Flower power 0F48,PI040298AD5I210985,2018-10-21 05:26:29,0.36,0.1,22.26,14.92
Flower power 0F48,PI040298AD5I210985,2018-10-21 05:41:29,0.36,0.1,22.39,14.87
Flower power 0F48,PI040298AD5I210985,2018-10-21 05:56:29,0.36,0.1,22.14,14.92
Flower power 0F48,PI040298AD5I210985,2018-10-21 06:11:29,0.36,0.1,21.89,14.76
Flower power 0F48,PI040298AD5I210985,2018-10-21 06:26:29,0.36,0.1,22.27,14.11
Flower power 0F48,PI040298AD5I210985,2018-10-21 06:41:29,0.36,0.17,22.15,14.33
Flower power 0F48,PI040298AD5I210985,2018-10-21 06:56:29,0.36,0.91,22.27,14.6
Flower power 0F48,PI040298AD5I210985,2018-10-21 07:11:29,0.36,2.26,22.02,14.65
Flower power 0F48,PI040298AD5I210985,2018-10-21 07:26:29,0.36,4.06,22.02,14.76
Flower power 0F48,PI040298AD5I210985,2018-10-21 07:41:29,0.36,6.49,22.27,15.61
Flower power 0F48,PI040298AD5I210985,2018-10-21 07:56:29,0.36,9.75,22.15,17.02
Flower power 0F48,PI040298AD5I210985,2018-10-21 08:11:29,0.36,21.0,22.15,17.78
Flower power 0F48,PI040298AD5I210985,2018-10-21 08:26:29,0.36,24.58,22.02,20.06
Flower power 0F48,PI040298AD5I210985,2018-10-21 08:41:29,0.36,40.25,22.02,22.35
Flower power 0F48,PI040298AD5I210985,2018-10-21 08:56:29,0.36,44.09,22.4,24.93
Flower power 0F48,PI040298AD5I210985,2018-10-21 09:11:29,0.36,46.4,21.89,26.28
Flower power 0F48,PI040298AD5I210985,2018-10-21 09:26:29,0.36,38.18,22.4,29.44
Flower power 0F48,PI040298AD5I210985,2018-10-21 09:41:29,0.36,43.7,22.02,26.28
Flower power 0F48,PI040298AD5I210985,2018-10-21 09:56:29,0.36,79.02,22.02,33.74
Flower power 0F48,PI040298AD5I210985,2018-10-21 10:11:29,0.36,82.25,21.77,36.13
Flower power 0F48,PI040298AD5I210985,2018-10-21 10:26:29,0.36,91.97,22.02,35.86
Flower power 0F48,PI040298AD5I210985,2018-10-21 10:41:29,0.36,43.31,21.77,31.12
Flower power 0F48,PI040298AD5I210985,2018-10-21 10:56:29,0.36,45.11,22.02,26.6
Flower power 0F48,PI040298AD5I210985,2018-10-21 11:11:29,0.36,105.28,22.15,39.6
Flower power 0F48,PI040298AD5I210985,2018-10-21 11:26:29,0.36,54.09,22.4,29.53
Flower power 0F48,PI040298AD5I210985,2018-10-21 11:41:29,0.36,113.44,22.15,35.54
Flower power 0F48,PI040298AD5I210985,2018-10-21 11:56:29,0.36,120.06,22.15,39.17
Flower power 0F48,PI040298AD5I210985,2018-10-21 12:11:29,0.36,121.48,22.15,37.47
Flower power 0F48,PI040298AD5I210985,2018-10-21 12:26:29,0.36,116.0,22.15,40.57
Flower power 0F48,PI040298AD5I210985,2018-10-21 12:41:29,0.36,102.12,21.9,39.99
Flower power 0F48,PI040298AD5I210985,2018-10-21 12:56:29,0.36,102.12,21.9,39.12
Flower power 0F48,PI040298AD5I210985,2018-10-21 13:11:29,0.36,93.67,22.15,38.46
Flower power 0F48,PI040298AD5I210985,2018-10-21 13:26:29,0.36,14.05,21.77,32.04
Flower power 0F48,PI040298AD5I210985,2018-10-21 13:41:29,0.36,40.93,21.9,31.34
Flower power 0F48,PI040298AD5I210985,2018-10-21 13:56:29,0.36,37.3,21.9,27.76
Flower power 0F48,PI040298AD5I210985,2018-10-21 14:11:29,0.36,44.7,22.15,27.31
Flower power 0F48,PI040298AD5I210985,2018-10-21 14:26:29,0.36,42.55,22.02,27.67
Flower power 0F48,PI040298AD5I210985,2018-10-21 14:41:29,0.36,28.25,22.15,26.42
Flower power 0F48,PI040298AD5I210985,2018-10-21 14:56:29,0.36,36.17,22.15,26.01
Flower power 0F48,PI040298AD5I210985,2018-10-21 15:11:29,0.36,36.59,22.15,26.33
Flower power 0F48,PI040298AD5I210985,2018-10-21 15:26:29,0.36,22.57,22.15,25.02
Flower power 0F48,PI040298AD5I210985,2018-10-21 15:41:29,0.36,18.94,22.28,23.56
Flower power 0F48,PI040298AD5I210985,2018-10-21 15:56:29,0.36,11.2,22.4,22.16
Flower power 0F48,PI040298AD5I210985,2018-10-21 16:11:29,0.36,9.58,22.15,20.55
Flower power 0F48,PI040298AD5I210985,2018-10-21 16:26:29,0.36,19.83,22.15,21.79
Flower power 0F48,PI040298AD5I210985,2018-10-21 16:41:29,0.36,8.06,22.28,19.67
Flower power 0F48,PI040298AD5I210985,2018-10-21 16:56:29,0.36,7.48,22.15,18.74
Flower power 0F48,PI040298AD5I210985,2018-10-21 17:11:29,0.36,4.31,22.28,18.03
Flower power 0F48,PI040298AD5I210985,2018-10-21 17:26:29,0.36,2.98,21.77,17.12
Flower power 0F48,PI040298AD5I210985,2018-10-21 17:41:29,0.36,1.33,22.15,15.61
Flower power 0F48,PI040298AD5I210985,2018-10-21 17:56:29,0.36,0.22,21.77,14.33
Flower power 0F48,PI040298AD5I210985,2018-10-21 18:11:29,0.36,0.1,21.9,13.78
Flower power 0F48,PI040298AD5I210985,2018-10-21 18:26:29,0.36,0.1,21.77,13.67
Flower power 0F48,PI040298AD5I210985,2018-10-21 18:41:29,0.36,0.1,22.15,13.23
Flower power 0F48,PI040298AD5I210985,2018-10-21 18:56:29,0.36,0.1,21.9,13.06
Flower power 0F48,PI040298AD5I210985,2018-10-21 19:11:29,0.36,0.1,21.77,13.01
Flower power 0F48,PI040298AD5I210985,2018-10-21 19:26:29,0.36,0.1,22.02,13.01
Flower power 0F48,PI040298AD5I210985,2018-10-21 19:41:29,0.36,0.1,22.27,13.51
Flower power 0F48,PI040298AD5I210985,2018-10-21 19:56:29,0.36,0.1,22.27,12.95
Flower power 0F48,PI040298AD5I210985,2018-10-21 20:11:29,0.36,0.1,22.15,12.9
Flower power 0F48,PI040298AD5I210985,2018-10-21 20:26:29,0.36,0.1,22.15,14.16
Flower power 0F48,PI040298AD5I210985,2018-10-21 20:41:29,0.36,0.1,22.15,13.06
Flower power 0F48,PI040298AD5I210985,2018-10-21 20:56:29,0.36,0.1,22.02,14.6
Flower power 0F48,PI040298AD5I210985,2018-10-21 21:11:29,0.36,0.1,22.02,14.33
Flower power 0F48,PI040298AD5I210985,2018-10-21 21:26:29,0.36,0.1,22.15,15.13
Flower power 0F48,PI040298AD5I210985,2018-10-21 21:41:29,0.36,0.1,22.02,14.38
Flower power 0F48,PI040298AD5I210985,2018-10-21 21:56:29,0.36,0.1,21.77,13.12
Flower power 0F48,PI040298AD5I210985,2018-10-21 22:11:29,0.36,0.1,21.76,13.01
Flower power 0F48,PI040298AD5I210985,2018-10-21 22:26:29,0.36,0.1,22.27,12.73
Flower power 0F48,PI040298AD5I210985,2018-10-21 22:41:29,0.36,0.1,21.76,13.06
Flower power 0F48,PI040298AD5I210985,2018-10-21 22:56:29,0.36,0.1,22.02,13.45
Flower power 0F48,PI040298AD5I210985,2018-10-21 23:11:29,0.36,0.1,22.02,12.39
Flower power 0F48,PI040298AD5I210985,2018-10-21 23:26:29,0.36,0.1,22.02,11.99
Flower power 0F48,PI040298AD5I210985,2018-10-21 23:41:29,0.36,0.1,21.89,12.11
Flower power 0F48,PI040298AD5I210985,2018-10-21 23:56:29,0.36,0.1,21.89,11.82
Flower power 0F48,PI040298AD5I210985,2018-10-22 00:11:29,0.36,0.1,22.02,12.5
Flower power 0F48,PI040298AD5I210985,2018-10-22 00:26:29,0.36,0.1,21.89,12.67
Flower power 0F48,PI040298AD5I210985,2018-10-22 00:41:29,0.36,0.1,21.76,12.22
Flower power 0F48,PI040298AD5I210985,2018-10-22 00:56:29,0.36,0.1,22.14,11.94
Flower power 0F48,PI040298AD5I210985,2018-10-22 01:11:29,0.36,0.1,22.02,12.22
Flower power 0F48,PI040298AD5I210985,2018-10-22 01:26:29,0.36,0.1,21.89,12.28
Flower power 0F48,PI040298AD5I210985,2018-10-22 01:41:29,0.36,0.1,22.01,11.59
Flower power 0F48,PI040298AD5I210985,2018-10-22 01:56:29,0.36,0.1,22.01,11.54
Flower power 0F48,PI040298AD5I210985,2018-10-22 02:11:29,0.36,0.1,21.89,11.76
Flower power 0F48,PI040298AD5I210985,2018-10-22 02:26:29,0.36,0.1,21.76,11.36
Flower power 0F48,PI040298AD5I210985,2018-10-22 02:41:29,0.36,0.1,21.63,11.82
Flower power 0F48,PI040298AD5I210985,2018-10-22 02:56:29,0.36,0.1,21.89,11.99
Flower power 0F48,PI040298AD5I210985,2018-10-22 03:11:29,0.36,0.1,21.76,12.11
Flower power 0F48,PI040298AD5I210985,2018-10-22 03:26:29,0.36,0.1,21.89,11.42
Flower power 0F48,PI040298AD5I210985,2018-10-22 03:41:29,0.36,0.1,22.01,10.96
Flower power 0F48,PI040298AD5I210985,2018-10-22 03:56:29,0.36,0.1,22.01,11.07
Flower power 0F48,PI040298AD5I210985,2018-10-22 04:11:29,0.36,0.1,21.89,11.3
Flower power 0F48,PI040298AD5I210985,2018-10-22 04:26:29,0.36,0.1,21.63,11.88
Flower power 0F48,PI040298AD5I210985,2018-10-22 04:41:29,0.36,0.1,21.89,11.99
Flower power 0F48,PI040298AD5I210985,2018-10-22 04:56:29,0.36,0.1,21.89,12.39
Flower power 0F48,PI040298AD5I210985,2018-10-22 05:11:29,0.36,0.1,21.76,11.59
Flower power 0F48,PI040298AD5I210985,2018-10-22 05:26:29,0.36,0.1,21.63,11.76
Flower power 0F48,PI040298AD5I210985,2018-10-22 05:41:29,0.36,0.1,21.89,11.25
Flower power 0F48,PI040298AD5I210985,2018-10-22 05:56:29,0.36,0.1,21.76,11.82
Flower power 0F48,PI040298AD5I210985,2018-10-22 06:11:29,0.36,0.1,21.63,11.65
Flower power 0F48,PI040298AD5I210985,2018-10-22 06:26:29,0.36,0.1,21.63,11.36
Flower power 0F48,PI040298AD5I210985,2018-10-22 06:41:29,0.36,0.26,21.89,10.96
Flower power 0F48,PI040298AD5I210985,2018-10-22 06:56:29,0.36,1.4,22.01,10.96
Flower power 0F48,PI040298AD5I210985,2018-10-22 07:11:29,0.36,3.46,21.76,11.82
Flower power 0F48,PI040298AD5I210985,2018-10-22 07:26:29,0.36,5.9,22.01,13.34
Flower power 0F48,PI040298AD5I210985,2018-10-22 07:41:29,0.36,7.73,22.14,14.33
Flower power 0F48,PI040298AD5I210985,2018-10-22 07:56:29,0.36,14.13,21.88,17.07
Flower power 0F48,PI040298AD5I210985,2018-10-22 08:11:29,0.36,13.63,21.63,17.98
Flower power 0F48,PI040298AD5I210985,2018-10-22 08:26:29,0.36,15.61,21.88,20.55
Flower power 0F48,PI040298AD5I210985,2018-10-22 08:41:29,0.36,37.44,21.88,24.43
Flower power 0F48,PI040298AD5I210985,2018-10-22 08:56:29,0.36,38.18,21.88,24.89
Flower power 0F48,PI040298AD5I210985,2018-10-22 09:11:29,0.36,41.28,21.5,26.1
Flower power 0F48,PI040298AD5I210985,2018-10-22 09:26:29,0.36,58.93,21.88,28.2
Flower power 0F48,PI040298AD5I210985,2018-10-22 09:41:29,0.36,67.33,21.63,31.12
Flower power 0F48,PI040298AD5I210985,2018-10-22 09:56:29,0.36,70.66,21.76,33.51
Flower power 0F48,PI040298AD5I210985,2018-10-22 10:11:29,0.36,73.79,21.76,36.27
Flower power 0F48,PI040298AD5I210985,2018-10-22 10:26:29,0.36,79.02,21.63,36.96
Flower power 0F48,PI040298AD5I210985,2018-10-22 10:41:29,0.36,76.03,21.63,37.71
Flower power 0F48,PI040298AD5I210985,2018-10-22 10:56:29,0.36,85.74,21.88,37.43
Flower power 0F48,PI040298AD5I210985,2018-10-22 11:11:29,0.36,82.25,21.63,39.56
Flower power 0F48,PI040298AD5I210985,2018-10-22 11:26:29,0.36,89.53,21.88,38.18
Flower power 0F48,PI040298AD5I210985,2018-10-22 11:41:29,0.36,94.54,21.76,39.8
Flower power 0F48,PI040298AD5I210985,2018-10-22 11:56:29,0.36,96.33,21.76,39.75
Flower power 0F48,PI040298AD5I210985,2018-10-22 12:11:29,0.36,98.19,21.5,39.32
Flower power 0F48,PI040298AD5I210985,2018-10-22 12:26:29,0.36,98.19,21.76,40.09
Flower power 0F48,PI040298AD5I210985,2018-10-22 12:41:29,0.36,97.25,21.63,40.09
Flower power 0F48,PI040298AD5I210985,2018-10-22 12:56:29,0.36,96.33,21.76,39.51
Flower power 0F48,PI040298AD5I210985,2018-10-22 13:11:29,0.36,87.22,21.76,39.17
Flower power 0F48,PI040298AD5I210985,2018-10-22 13:26:29,0.36,19.46,21.76,34.05
Flower power 0F48,PI040298AD5I210985,2018-10-22 13:41:29,0.36,19.71,21.5,33.56
Flower power 0F48,PI040298AD5I210985,2018-10-22 13:56:29,0.36,68.25,21.63,32.98
Flower power 0F48,PI040298AD5I210985,2018-10-22 14:11:29,0.36,81.58,21.5,33.42
Flower power 0F48,PI040298AD5I210985,2018-10-22 14:26:29,0.36,16.96,21.76,29.39
Flower power 0F48,PI040298AD5I210985,2018-10-22 14:41:29,0.36,16.87,21.38,24.2
Flower power 0F48,PI040298AD5I210985,2018-10-22 14:56:29,0.36,14.82,21.63,23.24
Flower power 0F48,PI040298AD5I210985,2018-10-22 15:11:29,0.36,13.96,21.63,22.4
Flower power 0F48,PI040298AD5I210985,2018-10-22 15:26:29,0.36,14.16,21.63,22.16
Flower power 0F48,PI040298AD5I210985,2018-10-22 15:41:29,0.36,12.78,21.63,21.79
Flower power 0F48,PI040298AD5I210985,2018-10-22 15:56:29,0.36,12.95,21.51,21.5
Flower power 0F48,PI040298AD5I210985,2018-10-22 16:11:29,0.36,11.78,21.76,21.5
Flower power 0F48,PI040298AD5I210985,2018-10-22 16:26:29,0.36,9.66,21.51,20.88
Flower power 0F48,PI040298AD5I210985,2018-10-22 16:41:29,0.36,9.18,21.89,20.64
Flower power 0F48,PI040298AD5I210985,2018-10-22 16:56:29,0.36,7.26,21.76,20.21
Flower power 0F48,PI040298AD5I210985,2018-10-22 17:11:29,0.36,5.97,21.63,19.82
Flower power 0F48,PI040298AD5I210985,2018-10-22 17:26:29,0.36,2.97,21.63,18.19
Flower power 0F48,PI040298AD5I210985,2018-10-22 17:41:29,0.36,1.05,21.51,17.73
Flower power 0F48,PI040298AD5I210985,2018-10-22 17:56:29,0.36,0.16,21.63,16.71
Flower power 0F48,PI040298AD5I210985,2018-10-22 18:11:29,0.36,0.1,21.63,16.45
Flower power 0F48,PI040298AD5I210985,2018-10-22 18:26:29,0.36,0.1,21.89,15.24
Flower power 0F48,PI040298AD5I210985,2018-10-22 18:41:29,0.36,0.1,21.63,14.16
Flower power 0F48,PI040298AD5I210985,2018-10-22 18:56:29,0.36,0.1,21.63,13.95
Flower power 0F48,PI040298AD5I210985,2018-10-22 19:11:29,0.36,0.1,21.25,13.78
Flower power 0F48,PI040298AD5I210985,2018-10-22 19:26:29,0.36,0.1,21.38,13.56
Flower power 0F48,PI040298AD5I210985,2018-10-22 19:41:29,0.36,0.1,21.5,13.28
Flower power 0F48,PI040298AD5I210985,2018-10-22 19:56:29,0.36,0.1,21.38,13.28
Flower power 0F48,PI040298AD5I210985,2018-10-22 20:11:29,0.36,0.1,21.63,13.01
Flower power 0F48,PI040298AD5I210985,2018-10-22 20:26:29,0.36,0.1,21.25,12.78
Flower power 0F48,PI040298AD5I210985,2018-10-22 20:41:29,0.36,0.1,21.5,12.95
Flower power 0F48,PI040298AD5I210985,2018-10-22 20:56:29,0.36,0.1,21.76,12.5
Flower power 0F48,PI040298AD5I210985,2018-10-22 21:11:29,0.36,0.1,21.5,12.16
Flower power 0F48,PI040298AD5I210985,2018-10-22 21:26:29,0.36,0.1,21.63,12.05
Flower power 0F48,PI040298AD5I210985,2018-10-22 21:41:29,0.36,0.1,21.63,12.05
Flower power 0F48,PI040298AD5I210985,2018-10-22 21:56:29,0.36,0.1,21.37,11.82
Flower power 0F48,PI040298AD5I210985,2018-10-22 22:11:29,0.36,0.1,21.63,11.99
Flower power 0F48,PI040298AD5I210985,2018-10-22 22:26:29,0.36,0.1,21.37,12.5
Flower power 0F48,PI040298AD5I210985,2018-10-22 22:41:29,0.36,0.1,21.25,13.23
Flower power 0F48,PI040298AD5I210985,2018-10-22 22:56:29,0.36,0.1,21.37,13.06
Flower power 0F48,PI040298AD5I210985,2018-10-22 23:11:29,0.36,0.1,21.76,13.06
Flower power 0F48,PI040298AD5I210985,2018-10-22 23:26:29,0.36,0.1,21.37,13.34
Flower power 0F48,PI040298AD5I210985,2018-10-22 23:41:29,0.36,0.1,21.63,13.06
Flower power 0F48,PI040298AD5I210985,2018-10-22 23:56:29,0.36,0.1,21.25,13.23
Flower power 0F48,PI040298AD5I210985,2018-10-23 00:11:29,0.36,0.1,21.63,13.67
Flower power 0F48,PI040298AD5I210985,2018-10-23 00:26:29,0.36,0.1,21.76,13.73
Flower power 0F48,PI040298AD5I210985,2018-10-23 00:41:29,0.36,0.1,21.38,13.95
Flower power 0F48,PI040298AD5I210985,2018-10-23 00:56:29,0.36,0.1,21.63,14.27
Flower power 0F48,PI040298AD5I210985,2018-10-23 01:11:29,0.36,0.1,21.5,14.22
Flower power 0F48,PI040298AD5I210985,2018-10-23 01:26:29,0.36,0.1,21.5,14.49
Flower power 0F48,PI040298AD5I210985,2018-10-23 01:41:29,0.36,0.1,21.5,14.54
Flower power 0F48,PI040298AD5I210985,2018-10-23 01:56:29,0.36,0.1,21.37,14.27
Flower power 0F48,PI040298AD5I210985,2018-10-23 02:11:29,0.36,0.1,21.63,13.78
Flower power 0F48,PI040298AD5I210985,2018-10-23 02:26:29,0.36,0.1,21.5,13.12
Flower power 0F48,PI040298AD5I210985,2018-10-23 02:41:29,0.36,0.1,21.63,12.84
Flower power 0F48,PI040298AD5I210985,2018-10-23 02:56:29,0.36,0.1,21.75,12.56
Flower power 0F48,PI040298AD5I210985,2018-10-23 03:11:29,0.36,0.1,21.5,12.45
Flower power 0F48,PI040298AD5I210985,2018-10-23 03:26:29,0.36,0.1,21.5,12.33
Flower power 0F48,PI040298AD5I210985,2018-10-23 03:41:29,0.36,0.1,21.12,11.82
Flower power 0F48,PI040298AD5I210985,2018-10-23 03:56:29,0.36,0.1,21.12,11.42
Flower power 0F48,PI040298AD5I210985,2018-10-23 04:11:29,0.36,0.1,21.12,11.07
Flower power 0F48,PI040298AD5I210985,2018-10-23 04:26:29,0.36,0.1,21.63,10.78
Flower power 0F48,PI040298AD5I210985,2018-10-23 04:41:29,0.36,0.1,21.12,10.61
Flower power 0F48,PI040298AD5I210985,2018-10-23 04:56:29,0.36,0.1,21.25,10.66
Flower power 0F48,PI040298AD5I210985,2018-10-23 05:11:29,0.36,0.1,21.25,11.59
Flower power 0F48,PI040298AD5I210985,2018-10-23 05:26:29,0.36,0.1,21.37,10.9
Flower power 0F48,PI040298AD5I210985,2018-10-23 05:41:29,0.36,0.1,21.37,11.48
Flower power 0F48,PI040298AD5I210985,2018-10-23 05:56:29,0.36,0.1,21.5,12.33
Flower power 0F48,PI040298AD5I210985,2018-10-23 06:11:29,0.36,0.1,21.75,12.16
Flower power 0F48,PI040298AD5I210985,2018-10-23 06:26:29,0.36,0.1,21.24,14.38
Flower power 0F48,PI040298AD5I210985,2018-10-23 06:41:29,0.36,0.18,21.5,12.67
Flower power 0F48,PI040298AD5I210985,2018-10-23 06:56:29,0.36,0.9,21.5,12.05
Flower power 0F48,PI040298AD5I210985,2018-10-23 07:11:29,0.36,1.77,21.24,12.28
Flower power 0F48,PI040298AD5I210985,2018-10-23 07:26:29,0.36,2.67,21.63,12.45
Flower power 0F48,PI040298AD5I210985,2018-10-23 07:41:29,0.36,4.02,21.63,13.12
Flower power 0F48,PI040298AD5I210985,2018-10-23 07:56:29,0.36,5.36,21.12,13.78
Flower power 0F48,PI040298AD5I210985,2018-10-23 08:11:29,0.36,8.9,21.5,14.76
Flower power 0F48,PI040298AD5I210985,2018-10-23 08:26:29,0.36,8.76,21.5,16.4
Flower power 0F48,PI040298AD5I210985,2018-10-23 08:41:29,0.36,14.8,21.25,17.78
Flower power 0F48,PI040298AD5I210985,2018-10-23 08:56:29,0.36,19.54,21.12,19.53
Flower power 0F48,PI040298AD5I210985,2018-10-23 09:11:29,0.36,24.97,21.5,20.59
Flower power 0F48,PI040298AD5I210985,2018-10-23 09:26:29,0.36,28.94,21.24,22.12
Flower power 0F48,PI040298AD5I210985,2018-10-23 09:41:29,0.36,60.74,21.24,24.61
Flower power 0F48,PI040298AD5I210985,2018-10-23 09:56:29,0.36,34.12,21.5,25.65
Flower power 0F48,PI040298AD5I210985,2018-10-23 10:11:29,0.36,30.62,21.37,25.11
Flower power 0F48,PI040298AD5I210985,2018-10-23 10:26:29,0.36,32.61,20.99,25.43
Flower power 0F48,PI040298AD5I210985,2018-10-23 10:41:29,0.36,33.52,21.24,26.06
Flower power 0F48,PI040298AD5I210985,2018-10-23 10:56:29,0.36,21.23,20.99,23.79
Flower power 0F48,PI040298AD5I210985,2018-10-23 11:11:29,0.36,38.03,21.12,24.2
Flower power 0F48,PI040298AD5I210985,2018-10-23 11:26:29,0.36,39.75,21.37,25.61
Flower power 0F48,PI040298AD5I210985,2018-10-23 11:41:29,0.36,30.72,21.24,26.06
Flower power 0F48,PI040298AD5I210985,2018-10-23 11:56:29,0.36,25.44,21.37,25.29
Flower power 0F48,PI040298AD5I210985,2018-10-23 12:11:29,0.36,32.83,20.99,25.92
Flower power 0F48,PI040298AD5I210985,2018-10-23 12:26:29,0.36,101.11,21.12,31.43
Flower power 0F48,PI040298AD5I210985,2018-10-23 12:41:29,0.36,46.62,21.37,29.57
Flower power 0F48,PI040298AD5I210985,2018-10-23 12:56:29,0.36,61.12,21.12,32.09
Flower power 0F48,PI040298AD5I210985,2018-10-23 13:11:29,0.36,67.33,21.12,31.12
Flower power 0F48,PI040298AD5I210985,2018-10-23 13:26:29,0.36,59.64,21.24,34.45
Flower power 0F48,PI040298AD5I210985,2018-10-23 13:41:29,0.36,31.12,21.24,33.07
Flower power 0F48,PI040298AD5I210985,2018-10-23 13:56:29,0.36,68.25,21.5,33.2
Flower power 0F48,PI040298AD5I210985,2018-10-23 14:11:29,0.36,74.89,21.5,32.27
Flower power 0F48,PI040298AD5I210985,2018-10-23 14:26:29,0.36,26.22,21.37,29.35
Flower power 0F48,PI040298AD5I210985,2018-10-23 14:41:29,0.36,32.39,21.24,26.86
Flower power 0F48,PI040298AD5I210985,2018-10-23 14:56:29,0.36,20.31,21.37,24.84
Flower power 0F48,PI040298AD5I210985,2018-10-23 15:11:29,0.36,18.02,21.24,23.56
Flower power 0F48,PI040298AD5I210985,2018-10-23 15:26:29,0.36,25.65,21.11,24.61
Flower power 0F48,PI040298AD5I210985,2018-10-23 15:41:29,0.36,23.83,20.99,25.16
Flower power 0F48,PI040298AD5I210985,2018-10-23 15:56:29,0.36,20.4,21.24,25.11
Flower power 0F48,PI040298AD5I210985,2018-10-23 16:11:29,0.36,18.2,21.5,24.66
Flower power 0F48,PI040298AD5I210985,2018-10-23 16:26:29,0.36,13.48,21.37,23.88
Flower power 0F48,PI040298AD5I210985,2018-10-23 16:41:29,0.36,9.83,21.24,23.1
Flower power 0F48,PI040298AD5I210985,2018-10-23 16:56:29,0.36,7.5,21.24,22.44
Flower power 0F48,PI040298AD5I210985,2018-10-23 17:11:29,0.36,4.84,21.24,21.55
Flower power 0F48,PI040298AD5I210985,2018-10-23 17:26:29,0.36,2.79,21.24,20.59
Flower power 0F48,PI040298AD5I210985,2018-10-23 17:41:29,0.36,1.01,20.99,19.96
Flower power 0F48,PI040298AD5I210985,2018-10-23 17:56:29,0.36,0.15,21.24,19.18
Flower power 0F48,PI040298AD5I210985,2018-10-23 18:11:29,0.36,0.1,21.24,18.59
Flower power 0F48,PI040298AD5I210985,2018-10-23 18:26:29,0.36,0.1,21.12,19.53
Flower power 0F48,PI040298AD5I210985,2018-10-23 18:41:29,0.36,0.1,21.37,19.57
Flower power 0F48,PI040298AD5I210985,2018-10-23 18:56:29,0.36,0.1,20.86,18.34
Flower power 0F48,PI040298AD5I210985,2018-10-23 19:11:29,0.36,0.1,20.99,17.63
Flower power 0F48,PI040298AD5I210985,2018-10-23 19:26:29,0.36,0.1,21.37,17.48
Flower power 0F48,PI040298AD5I210985,2018-10-23 19:41:29,0.36,0.1,20.99,16.34
Flower power 0F48,PI040298AD5I210985,2018-10-23 19:56:29,0.36,0.1,20.86,15.5
Flower power 0F48,PI040298AD5I210985,2018-10-23 20:11:29,0.36,0.1,21.24,15.77
Flower power 0F48,PI040298AD5I210985,2018-10-23 20:26:29,0.36,0.1,21.37,15.4
Flower power 0F48,PI040298AD5I210985,2018-10-23 20:41:29,0.36,0.1,20.99,14.81
Flower power 0F48,PI040298AD5I210985,2018-10-23 20:56:29,0.36,0.1,21.37,15.24
Flower power 0F48,PI040298AD5I210985,2018-10-23 21:11:29,0.36,0.1,21.24,15.98
Flower power 0F48,PI040298AD5I210985,2018-10-23 21:26:29,0.36,0.1,21.12,16.86
Flower power 0F48,PI040298AD5I210985,2018-10-23 21:41:29,0.36,0.1,21.24,17.43
Flower power 0F48,PI040298AD5I210985,2018-10-23 21:56:29,0.36,0.1,21.37,17.27
Flower power 0F48,PI040298AD5I210985,2018-10-23 22:11:29,0.36,0.1,21.24,17.48
Flower power 0F48,PI040298AD5I210985,2018-10-23 22:26:29,0.36,0.1,21.37,17.48
Flower power 0F48,PI040298AD5I210985,2018-10-23 22:41:29,0.36,0.1,21.24,17.68
Flower power 0F48,PI040298AD5I210985,2018-10-23 22:56:29,0.36,0.1,21.24,17.68
Flower power 0F48,PI040298AD5I210985,2018-10-23 23:11:29,0.36,0.1,21.12,17.68
Flower power 0F48,PI040298AD5I210985,2018-10-23 23:26:29,0.36,0.1,20.99,17.68
Flower power 0F48,PI040298AD5I210985,2018-10-23 23:41:29,0.36,0.1,21.12,17.48
Flower power 0F48,PI040298AD5I210985,2018-10-23 23:56:29,0.36,0.1,21.24,17.73
Flower power 0F48,PI040298AD5I210985,2018-10-24 00:11:29,0.36,0.1,21.37,17.53
Flower power 0F48,PI040298AD5I210985,2018-10-24 00:26:29,0.36,0.1,20.86,17.53
Flower power 0F48,PI040298AD5I210985,2018-10-24 00:41:29,0.36,0.1,21.12,17.58
Flower power 0F48,PI040298AD5I210985,2018-10-24 00:56:29,0.36,0.1,20.99,17.53
Flower power 0F48,PI040298AD5I210985,2018-10-24 01:11:29,0.36,0.1,20.99,17.43
Flower power 0F48,PI040298AD5I210985,2018-10-24 01:26:29,0.36,0.1,21.24,16.71
Flower power 0F48,PI040298AD5I210985,2018-10-24 01:41:29,0.36,0.1,20.86,16.14
Flower power 0F48,PI040298AD5I210985,2018-10-24 01:56:29,0.36,0.1,20.86,15.24
Flower power 0F48,PI040298AD5I210985,2018-10-24 02:11:29,0.36,0.1,20.99,15.35
Flower power 0F48,PI040298AD5I210985,2018-10-24 02:26:29,0.36,0.1,20.73,15.66
Flower power 0F48,PI040298AD5I210985,2018-10-24 02:41:29,0.36,0.1,21.11,15.29
Flower power 0F48,PI040298AD5I210985,2018-10-24 02:56:29,0.36,0.1,21.11,14.6
Flower power 0F48,PI040298AD5I210985,2018-10-24 03:11:29,0.36,0.1,21.11,13.89
Flower power 0F48,PI040298AD5I210985,2018-10-24 03:26:29,0.36,0.1,20.86,13.56
Flower power 0F48,PI040298AD5I210985,2018-10-24 03:41:29,0.36,0.1,21.37,14.54
Flower power 0F48,PI040298AD5I210985,2018-10-24 03:56:29,0.36,0.1,21.11,14.65
Flower power 0F48,PI040298AD5I210985,2018-10-24 04:11:29,0.36,0.1,21.11,13.78
Flower power 0F48,PI040298AD5I210985,2018-10-24 04:26:29,0.36,0.1,20.73,13.34
Flower power 0F48,PI040298AD5I210985,2018-10-24 04:41:29,0.36,0.1,21.11,12.9
Flower power 0F48,PI040298AD5I210985,2018-10-24 04:56:29,0.36,0.1,20.99,12.84
Flower power 0F48,PI040298AD5I210985,2018-10-24 05:11:29,0.36,0.1,20.99,12.33
Flower power 0F48,PI040298AD5I210985,2018-10-24 05:26:29,0.36,0.1,21.11,12.16
Flower power 0F48,PI040298AD5I210985,2018-10-24 05:41:29,0.36,0.1,21.11,12.11
Flower power 0F48,PI040298AD5I210985,2018-10-24 05:56:29,0.36,0.1,21.11,12.33
Flower power 0F48,PI040298AD5I210985,2018-10-24 06:11:29,0.36,0.1,21.11,13.62
Flower power 0F48,PI040298AD5I210985,2018-10-24 06:26:29,0.36,0.1,20.86,14.27
Flower power 0F48,PI040298AD5I210985,2018-10-24 06:41:29,0.36,0.18,20.73,14.33
Flower power 0F48,PI040298AD5I210985,2018-10-24 06:56:29,0.36,1.1,20.99,14.81
Flower power 0F48,PI040298AD5I210985,2018-10-24 07:11:29,0.36,3.1,20.99,15.4
Flower power 0F48,PI040298AD5I210985,2018-10-24 07:26:29,0.36,6.21,20.99,16.34
Flower power 0F48,PI040298AD5I210985,2018-10-24 07:41:29,0.36,11.35,20.99,17.88
Flower power 0F48,PI040298AD5I210985,2018-10-24 07:56:29,0.36,17.15,20.99,19.67
Flower power 0F48,PI040298AD5I210985,2018-10-24 08:11:29,0.36,27.51,20.99,21.31
Flower power 0F48,PI040298AD5I210985,2018-10-24 08:26:29,0.36,27.36,20.99,22.63
Flower power 0F48,PI040298AD5I210985,2018-10-24 08:41:29,0.36,31.85,21.11,24.43
Flower power 0F48,PI040298AD5I210985,2018-10-24 08:56:29,0.36,48.24,21.11,25.88
Flower power 0F48,PI040298AD5I210985,2018-10-24 09:11:29,0.36,39.59,20.86,27.04
Flower power 0F48,PI040298AD5I210985,2018-10-24 09:26:29,0.36,59.64,20.86,29.35
Flower power 0F48,PI040298AD5I210985,2018-10-24 09:41:29,0.36,66.87,20.86,33.29
Flower power 0F48,PI040298AD5I210985,2018-10-24 09:56:29,0.36,70.66,20.98,36.18
Flower power 0F48,PI040298AD5I210985,2018-10-24 10:11:29,0.36,71.17,20.86,38.65
Flower power 0F48,PI040298AD5I210985,2018-10-24 10:26:29,0.36,77.2,20.98,39.8
Flower power 0F48,PI040298AD5I210985,2018-10-24 10:41:29,0.36,69.68,20.86,40.18
Flower power 0F48,PI040298AD5I210985,2018-10-24 10:56:29,0.36,76.61,20.98,38.89
Flower power 0F48,PI040298AD5I210985,2018-10-24 11:11:29,0.36,85.02,21.11,38.6
Flower power 0F48,PI040298AD5I210985,2018-10-24 11:26:29,0.36,79.64,20.6,39.08
Flower power 0F48,PI040298AD5I210985,2018-10-24 11:41:29,0.36,91.14,20.6,40.53
Flower power 0F48,PI040298AD5I210985,2018-10-24 11:56:29,0.36,91.97,20.86,41.61
Flower power 0F48,PI040298AD5I210985,2018-10-24 12:11:29,0.36,92.81,20.73,41.36
Flower power 0F48,PI040298AD5I210985,2018-10-24 12:26:29,0.36,93.67,20.47,41.51
Flower power 0F48,PI040298AD5I210985,2018-10-24 12:41:29,0.36,92.81,20.98,40.28
Flower power 0F48,PI040298AD5I210985,2018-10-24 12:56:29,0.36,91.97,20.85,40.72
Flower power 0F48,PI040298AD5I210985,2018-10-24 13:11:29,0.36,81.58,21.11,38.98
Flower power 0F48,PI040298AD5I210985,2018-10-24 13:26:29,0.36,22.35,20.85,36.0
Flower power 0F48,PI040298AD5I210985,2018-10-24 13:41:29,0.36,24.07,20.6,34.82
Flower power 0F48,PI040298AD5I210985,2018-10-24 13:56:29,0.36,64.7,20.73,33.6
Flower power 0F48,PI040298AD5I210985,2018-10-24 14:11:29,0.36,61.12,20.85,33.2
Flower power 0F48,PI040298AD5I210985,2018-10-24 14:26:29,0.36,18.02,20.73,28.51
Flower power 0F48,PI040298AD5I210985,2018-10-24 14:41:29,0.36,17.38,20.47,24.79
Flower power 0F48,PI040298AD5I210985,2018-10-24 14:56:29,0.36,15.24,20.86,23.7
Flower power 0F48,PI040298AD5I210985,2018-10-24 15:11:29,0.36,13.94,20.47,22.82
Flower power 0F48,PI040298AD5I210985,2018-10-24 15:26:29,0.36,13.06,20.6,22.26
Flower power 0F48,PI040298AD5I210985,2018-10-24 15:41:29,0.36,12.59,20.47,21.93
Flower power 0F48,PI040298AD5I210985,2018-10-24 15:56:29,0.36,11.42,20.98,21.64
Flower power 0F48,PI040298AD5I210985,2018-10-24 16:11:29,0.36,10.48,20.86,21.45
Flower power 0F48,PI040298AD5I210985,2018-10-24 16:26:29,0.36,9.71,20.98,21.03
Flower power 0F48,PI040298AD5I210985,2018-10-24 16:41:29,0.36,8.2,20.86,20.01
Flower power 0F48,PI040298AD5I210985,2018-10-24 16:56:29,0.36,6.83,20.6,19.18
Flower power 0F48,PI040298AD5I210985,2018-10-24 17:11:29,0.36,4.99,20.86,18.88
Flower power 0F48,PI040298AD5I210985,2018-10-24 17:26:29,0.36,2.74,20.98,17.88
Flower power 0F48,PI040298AD5I210985,2018-10-24 17:41:29,0.36,1.0,20.47,16.91
Flower power 0F48,PI040298AD5I210985,2018-10-24 17:56:29,0.36,0.13,20.47,17.02
Flower power 0F48,PI040298AD5I210985,2018-10-24 18:11:29,0.36,0.1,20.73,16.66
Flower power 0F48,PI040298AD5I210985,2018-10-24 18:26:29,0.36,0.1,20.6,15.45
Flower power 0F48,PI040298AD5I210985,2018-10-24 18:41:29,0.36,0.1,20.86,14.92
Flower power 0F48,PI040298AD5I210985,2018-10-24 18:56:29,0.36,0.1,20.86,14.76
Flower power 0F48,PI040298AD5I210985,2018-10-24 19:11:29,0.36,0.1,20.47,14.87
Flower power 0F48,PI040298AD5I210985,2018-10-24 19:26:29,0.36,0.1,20.47,14.7
Flower power 0F48,PI040298AD5I210985,2018-10-24 19:41:29,0.36,0.1,20.6,14.65
Flower power 0F48,PI040298AD5I210985,2018-10-24 19:56:29,0.36,0.1,20.86,14.54
Flower power 0F48,PI040298AD5I210985,2018-10-24 20:11:29,0.36,0.1,20.86,14.54
Flower power 0F48,PI040298AD5I210985,2018-10-24 20:26:29,0.36,0.1,20.34,14.7
Flower power 0F48,PI040298AD5I210985,2018-10-24 20:41:29,0.36,0.1,20.73,14.7
Flower power 0F48,PI040298AD5I210985,2018-10-24 20:56:29,0.36,0.1,20.47,14.49
Flower power 0F48,PI040298AD5I210985,2018-10-24 21:11:29,0.36,0.1,20.34,14.16
Flower power 0F48,PI040298AD5I210985,2018-10-24 21:26:29,0.36,0.1,20.73,13.4
Flower power 0F48,PI040298AD5I210985,2018-10-24 21:41:29,0.36,0.1,20.6,12.84
Flower power 0F48,PI040298AD5I210985,2018-10-24 21:56:29,0.36,0.1,20.73,12.67
Flower power 0F48,PI040298AD5I210985,2018-10-24 22:11:29,0.36,0.1,20.34,12.67
Flower power 0F48,PI040298AD5I210985,2018-10-24 22:26:29,0.36,0.1,20.73,12.67
Flower power 0F48,PI040298AD5I210985,2018-10-24 22:41:29,0.36,0.1,20.47,12.62
Flower power 0F48,PI040298AD5I210985,2018-10-24 22:56:29,0.36,0.1,20.34,12.62
Flower power 0F48,PI040298AD5I210985,2018-10-24 23:11:29,0.36,0.1,20.6,12.62
Flower power 0F48,PI040298AD5I210985,2018-10-24 23:26:29,0.36,0.1,20.34,12.62
Flower power 0F48,PI040298AD5I210985,2018-10-24 23:41:29,0.36,0.1,20.85,11.94
Flower power 0F48,PI040298AD5I210985,2018-10-24 23:56:29,0.36,0.1,20.34,11.71
Flower power 0F48,PI040298AD5I210985,2018-10-25 00:11:29,0.36,0.1,20.47,11.54
Flower power 0F48,PI040298AD5I210985,2018-10-25 00:26:29,0.36,0.1,20.73,12.05
Flower power 0F48,PI040298AD5I210985,2018-10-25 00:41:29,0.36,0.1,20.47,11.76
Flower power 0F48,PI040298AD5I210985,2018-10-25 00:56:29,0.36,0.1,20.34,11.42
Flower power 0F48,PI040298AD5I210985,2018-10-25 01:11:29,0.36,0.1,20.6,11.65
Flower power 0F48,PI040298AD5I210985,2018-10-25 01:26:29,0.36,0.1,20.85,11.3
Flower power 0F48,PI040298AD5I210985,2018-10-25 01:41:29,0.36,0.1,20.34,11.3
Flower power 0F48,PI040298AD5I210985,2018-10-25 01:56:29,0.36,0.1,20.73,11.13
Flower power 0F48,PI040298AD5I210985,2018-10-25 02:11:29,0.36,0.1,20.34,11.54
Flower power 0F48,PI040298AD5I210985,2018-10-25 02:26:29,0.36,0.1,20.6,11.54
Flower power 0F48,PI040298AD5I210985,2018-10-25 02:41:29,0.36,0.1,20.47,11.59
Flower power 0F48,PI040298AD5I210985,2018-10-25 02:56:29,0.36,0.1,20.47,11.82
Flower power 0F48,PI040298AD5I210985,2018-10-25 03:11:29,0.36,0.1,20.73,11.19
Flower power 0F48,PI040298AD5I210985,2018-10-25 03:26:29,0.36,0.1,20.47,10.84
Flower power 0F48,PI040298AD5I210985,2018-10-25 03:41:29,0.36,0.1,20.73,10.72
Flower power 0F48,PI040298AD5I210985,2018-10-25 03:56:29,0.36,0.1,20.34,10.49
Flower power 0F48,PI040298AD5I210985,2018-10-25 04:11:29,0.36,0.1,20.6,10.37
Flower power 0F48,PI040298AD5I210985,2018-10-25 04:26:29,0.36,0.1,20.72,10.66
Flower power 0F48,PI040298AD5I210985,2018-10-25 04:41:29,0.36,0.1,20.47,10.61
Flower power 0F48,PI040298AD5I210985,2018-10-25 04:56:29,0.36,0.1,20.34,10.25
Flower power 0F48,PI040298AD5I210985,2018-10-25 05:11:29,0.36,0.1,20.73,10.31
Flower power 0F48,PI040298AD5I210985,2018-10-25 05:26:29,0.36,0.1,20.47,10.55
Flower power 0F48,PI040298AD5I210985,2018-10-25 05:41:29,0.36,0.1,20.6,10.25
Flower power 0F48,PI040298AD5I210985,2018-10-25 05:56:29,0.36,0.1,20.73,10.25
Flower power 0F48,PI040298AD5I210985,2018-10-25 06:11:29,0.36,0.1,20.47,10.37
Flower power 0F48,PI040298AD5I210985,2018-10-25 06:26:29,0.36,0.1,20.47,10.08
Flower power 0F48,PI040298AD5I210985,2018-10-25 06:41:29,0.36,0.14,20.6,10.13
Flower power 0F48,PI040298AD5I210985,2018-10-25 06:56:29,0.36,0.94,20.72,10.19
Flower power 0F48,PI040298AD5I210985,2018-10-25 07:11:29,0.36,2.46,20.85,10.96
Flower power 0F48,PI040298AD5I210985,2018-10-25 07:26:29,0.36,4.02,20.47,11.82
Flower power 0F48,PI040298AD5I210985,2018-10-25 07:41:29,0.36,7.53,20.85,13.28
Flower power 0F48,PI040298AD5I210985,2018-10-25 07:56:29,0.36,9.9,20.34,15.29
Flower power 0F48,PI040298AD5I210985,2018-10-25 08:11:29,0.36,17.12,20.6,17.07
Flower power 0F48,PI040298AD5I210985,2018-10-25 08:26:29,0.36,21.0,20.6,19.33
Flower power 0F48,PI040298AD5I210985,2018-10-25 08:41:29,0.36,26.81,20.21,21.97
Flower power 0F48,PI040298AD5I210985,2018-10-25 08:56:29,0.36,41.28,20.22,24.84
Flower power 0F48,PI040298AD5I210985,2018-10-25 09:11:29,0.36,44.91,20.21,27.18
Flower power 0F48,PI040298AD5I210985,2018-10-25 09:26:29,0.36,33.06,20.85,24.93
Flower power 0F48,PI040298AD5I210985,2018-10-25 09:41:29,0.36,76.61,20.47,32.44
Flower power 0F48,PI040298AD5I210985,2018-10-25 09:56:29,0.36,64.28,20.34,35.59
Flower power 0F48,PI040298AD5I210985,2018-10-25 10:11:29,0.36,50.73,20.72,33.65
Flower power 0F48,PI040298AD5I210985,2018-10-25 10:26:29,0.36,65.55,20.47,35.09
Flower power 0F48,PI040298AD5I210985,2018-10-25 10:41:29,0.36,51.81,20.34,33.25
Flower power 0F48,PI040298AD5I210985,2018-10-25 10:56:29,0.36,52.92,20.47,31.47
Flower power 0F48,PI040298AD5I210985,2018-10-25 11:11:29,0.36,46.18,20.34,32.84
Flower power 0F48,PI040298AD5I210985,2018-10-25 11:26:29,0.36,45.32,20.21,29.44
Flower power 0F48,PI040298AD5I210985,2018-10-25 11:41:29,0.36,45.11,20.08,30.98
Flower power 0F48,PI040298AD5I210985,2018-10-25 11:56:29,0.36,43.31,20.47,29.57
Flower power 0F48,PI040298AD5I210985,2018-10-25 12:11:29,0.36,62.27,20.21,33.29
Flower power 0F48,PI040298AD5I210985,2018-10-25 12:26:29,0.36,63.46,20.34,30.89
Flower power 0F48,PI040298AD5I210985,2018-10-25 12:41:29,0.36,47.53,20.21,30.94
Flower power 0F48,PI040298AD5I210985,2018-10-25 12:56:29,0.36,43.7,20.08,29.7
Flower power 0F48,PI040298AD5I210985,2018-10-25 13:11:29,0.36,37.59,20.21,28.6
Flower power 0F48,PI040298AD5I210985,2018-10-25 13:26:29,0.36,36.73,20.34,27.36
Flower power 0F48,PI040298AD5I210985,2018-10-25 13:41:29,0.36,44.29,20.34,29.26
Flower power 0F48,PI040298AD5I210985,2018-10-25 13:56:29,0.36,44.09,20.46,29.39
Flower power 0F48,PI040298AD5I210985,2018-10-25 14:11:29,0.36,40.08,20.46,28.91
Flower power 0F48,PI040298AD5I210985,2018-10-25 14:26:29,0.36,35.64,20.46,28.73
Flower power 0F48,PI040298AD5I210985,2018-10-25 14:41:29,0.36,26.15,20.21,27.13
Flower power 0F48,PI040298AD5I210985,2018-10-25 14:56:29,0.36,25.58,20.21,25.65
Flower power 0F48,PI040298AD5I210985,2018-10-25 15:11:29,0.36,21.48,20.21,25.02
Flower power 0F48,PI040298AD5I210985,2018-10-25 15:26:29,0.36,24.9,20.08,25.79
Flower power 0F48,PI040298AD5I210985,2018-10-25 15:41:29,0.36,27.43,19.95,26.55
Flower power 0F48,PI040298AD5I210985,2018-10-25 15:56:29,0.36,16.5,20.21,24.98
Flower power 0F48,PI040298AD5I210985,2018-10-25 16:11:29,0.36,12.48,20.34,23.83
Flower power 0F48,PI040298AD5I210985,2018-10-25 16:26:29,0.36,8.79,20.34,22.44
Flower power 0F48,PI040298AD5I210985,2018-10-25 16:41:29,0.36,5.93,20.46,21.6
Flower power 0F48,PI040298AD5I210985,2018-10-25 16:56:29,0.36,3.89,20.46,20.88
Flower power 0F48,PI040298AD5I210985,2018-10-25 17:11:29,0.36,2.62,20.34,20.16
Flower power 0F48,PI040298AD5I210985,2018-10-25 17:26:29,0.36,2.76,20.59,19.92
Flower power 0F48,PI040298AD5I210985,2018-10-25 17:41:29,0.36,1.05,20.08,19.38
Flower power 0F48,PI040298AD5I210985,2018-10-25 17:56:29,0.36,0.1,20.21,17.58
Flower power 0F48,PI040298AD5I210985,2018-10-25 18:11:29,0.36,0.1,20.21,16.97
Flower power 0F48,PI040298AD5I210985,2018-10-25 18:26:29,0.36,0.1,20.59,17.22
Flower power 0F48,PI040298AD5I210985,2018-10-25 18:41:29,0.36,0.1,20.46,17.22
Flower power 0F48,PI040298AD5I210985,2018-10-25 18:56:29,0.36,0.1,20.21,17.12
Flower power 0F48,PI040298AD5I210985,2018-10-25 19:11:29,0.36,0.1,20.47,16.81
Flower power 0F48,PI040298AD5I210985,2018-10-25 19:26:29,0.36,0.1,20.34,16.4
Flower power 0F48,PI040298AD5I210985,2018-10-25 19:41:29,0.36,0.1,20.08,16.03
Flower power 0F48,PI040298AD5I210985,2018-10-25 19:56:29,0.36,0.1,20.59,15.35
Flower power 0F48,PI040298AD5I210985,2018-10-25 20:11:29,0.36,0.1,20.21,15.03
Flower power 0F48,PI040298AD5I210985,2018-10-25 20:26:29,0.36,0.1,20.34,14.7
Flower power 0F48,PI040298AD5I210985,2018-10-25 20:41:29,0.36,0.1,20.34,14.76
Flower power 0F48,PI040298AD5I210985,2018-10-25 20:56:29,0.36,0.1,20.59,14.65
Flower power 0F48,PI040298AD5I210985,2018-10-25 21:11:29,0.36,0.1,20.59,15.13
Flower power 0F48,PI040298AD5I210985,2018-10-25 21:26:29,0.36,0.1,20.21,15.45
Flower power 0F48,PI040298AD5I210985,2018-10-25 21:41:29,0.36,0.1,20.34,15.4
Flower power 0F48,PI040298AD5I210985,2018-10-25 21:56:29,0.36,0.1,20.08,14.33
Flower power 0F48,PI040298AD5I210985,2018-10-25 22:11:29,0.36,0.1,20.34,13.95
Flower power 0F48,PI040298AD5I210985,2018-10-25 22:26:29,0.36,0.1,20.08,13.95
Flower power 0F48,PI040298AD5I210985,2018-10-25 22:41:29,0.36,0.1,20.59,13.95
Flower power 0F48,PI040298AD5I210985,2018-10-25 22:56:29,0.36,0.1,19.95,14.0
Flower power 0F48,PI040298AD5I210985,2018-10-25 23:11:29,0.36,0.1,20.21,14.05
Flower power 0F48,PI040298AD5I210985,2018-10-25 23:26:29,0.36,0.1,20.21,14.22
Flower power 0F48,PI040298AD5I210985,2018-10-25 23:41:29,0.36,0.1,19.95,14.43
Flower power 0F48,PI040298AD5I210985,2018-10-25 23:56:29,0.36,0.1,20.08,14.76
Flower power 0F48,PI040298AD5I210985,2018-10-26 00:11:29,0.36,0.1,20.34,15.08
Flower power 0F48,PI040298AD5I210985,2018-10-26 00:26:29,0.36,0.1,20.34,15.29
Flower power 0F48,PI040298AD5I210985,2018-10-26 00:41:29,0.36,0.1,20.34,14.65
Flower power 0F48,PI040298AD5I210985,2018-10-26 00:56:29,0.36,0.1,20.34,14.0
Flower power 0F48,PI040298AD5I210985,2018-10-26 01:11:29,0.36,0.1,20.34,13.56
Flower power 0F48,PI040298AD5I210985,2018-10-26 01:26:29,0.36,0.1,20.21,14.0
Flower power 0F48,PI040298AD5I210985,2018-10-26 01:41:29,0.36,0.1,20.34,14.87
Flower power 0F48,PI040298AD5I210985,2018-10-26 01:56:29,0.36,0.1,20.34,15.35
Flower power 0F48,PI040298AD5I210985,2018-10-26 02:11:29,0.36,0.1,20.47,15.5
Flower power 0F48,PI040298AD5I210985,2018-10-26 02:26:29,0.36,0.1,20.34,15.13
Flower power 0F48,PI040298AD5I210985,2018-10-26 02:41:29,0.36,0.1,20.34,15.13
Flower power 0F48,PI040298AD5I210985,2018-10-26 02:56:29,0.36,0.1,20.21,15.77
Flower power 0F48,PI040298AD5I210985,2018-10-26 03:11:29,0.36,0.1,20.08,16.03
Flower power 0F48,PI040298AD5I210985,2018-10-26 03:26:29,0.36,0.1,20.21,15.5
Flower power 0F48,PI040298AD5I210985,2018-10-26 03:41:29,0.36,0.1,20.21,15.82
Flower power 0F48,PI040298AD5I210985,2018-10-26 03:56:29,0.36,0.1,20.21,15.93
Flower power 0F48,PI040298AD5I210985,2018-10-26 04:11:29,0.36,0.1,20.08,15.98
Flower power 0F48,PI040298AD5I210985,2018-10-26 04:26:29,0.36,0.1,20.34,15.93
Flower power 0F48,PI040298AD5I210985,2018-10-26 04:41:29,0.36,0.1,20.08,15.82
Flower power 0F48,PI040298AD5I210985,2018-10-26 04:56:29,0.36,0.1,20.34,15.72
Flower power 0F48,PI040298AD5I210985,2018-10-26 05:11:29,0.36,0.1,20.34,15.66
Flower power 0F48,PI040298AD5I210985,2018-10-26 05:26:29,0.36,0.1,20.21,15.4
Flower power 0F48,PI040298AD5I210985,2018-10-26 05:41:29,0.36,0.1,20.34,15.77
Flower power 0F48,PI040298AD5I210985,2018-10-26 05:56:29,0.36,0.1,20.08,15.98
Flower power 0F48,PI040298AD5I210985,2018-10-26 06:11:29,0.36,0.1,20.08,16.34
Flower power 0F48,PI040298AD5I210985,2018-10-26 06:26:29,0.36,0.1,19.95,16.81
Flower power 0F48,PI040298AD5I210985,2018-10-26 06:41:29,0.36,0.1,20.08,16.97
Flower power 0F48,PI040298AD5I210985,2018-10-26 06:56:29,0.36,0.14,20.34,16.81
Flower power 0F48,PI040298AD5I210985,2018-10-26 07:11:29,0.36,0.57,20.34,17.02
Flower power 0F48,PI040298AD5I210985,2018-10-26 07:26:29,0.36,1.13,20.46,16.86
Flower power 0F48,PI040298AD5I210985,2018-10-26 07:41:29,0.36,1.55,19.82,16.86
Flower power 0F48,PI040298AD5I210985,2018-10-26 07:56:29,0.36,2.27,20.08,17.07
Flower power 0F48,PI040298AD5I210985,2018-10-26 08:11:29,0.36,2.57,19.95,17.53
Flower power 0F48,PI040298AD5I210985,2018-10-26 08:26:29,0.36,4.74,19.95,17.98
Flower power 0F48,PI040298AD5I210985,2018-10-26 08:41:29,0.36,6.52,19.82,18.59
Flower power 0F48,PI040298AD5I210985,2018-10-26 08:56:29,0.36,8.49,20.34,19.08
Flower power 0F48,PI040298AD5I210985,2018-10-26 09:11:29,0.36,12.11,20.21,20.11
Flower power 0F48,PI040298AD5I210985,2018-10-26 09:26:29,0.36,12.53,20.08,20.88
Flower power 0F48,PI040298AD5I210985,2018-10-26 09:41:29,0.36,17.44,19.95,21.55
Flower power 0F48,PI040298AD5I210985,2018-10-26 09:56:29,0.36,16.36,20.33,21.45
Flower power 0F48,PI040298AD5I210985,2018-10-26 10:11:29,0.36,15.32,20.21,21.88
Flower power 0F48,PI040298AD5I210985,2018-10-26 10:26:29,0.36,10.45,20.33,22.35
Flower power 0F48,PI040298AD5I210985,2018-10-26 10:41:29,0.36,40.42,20.21,25.83
Flower power 0F48,PI040298AD5I210985,2018-10-26 10:56:29,0.36,41.1,19.95,28.2
Flower power 0F48,PI040298AD5I210985,2018-10-26 11:11:29,0.36,56.9,20.2,29.61
Flower power 0F48,PI040298AD5I210985,2018-10-26 11:26:29,0.36,106.38,19.95,40.04
Flower power 0F48,PI040298AD5I210985,2018-10-26 11:41:29,0.36,47.53,20.2,30.54
Flower power 0F48,PI040298AD5I210985,2018-10-26 11:56:29,0.36,53.79,20.2,31.6
